40
Aeropyrum0 0.0000000 3.0003222 3.0108191 2.9647350 2.9282736 3.0849046 3.0897958 3.1029304 3.5187693 3.5257109 3.4440291 3.3365845 3.2927203 3.2827762 3.4500031 3.0989314 3.2153185 3.1050430 3.2137031 3.2134821 3.2721172 3.2995780 3.1716355 3.1848338 3.1853709 3.0492839 3.0847712 4.3637381 3.1203132 3.0780403 3.0679047 3.1009676 3.0633417 3.0505715 3.0592637 1.8026948 1.6335106 1.6012232 1.4765297 1.1148828 
Arabidopsi 3.0003222 0.0000000 0.1488034 0.1563469 0.2222999 0.4492517 0.4844288 0.6361652 1.0910093 1.0451008 1.0437890 0.8480840 0.9017251 0.9018611 0.9708374 0.7055999 0.8339112 0.8318370 0.7213666 0.8900160 0.8937914 0.8596312 0.7992188 0.7960675 0.7817911 0.6588941 0.7326307 1.9602579 0.7743145 0.6981939 0.7580303 0.7303318 0.7794401 0.7649649 0.7885658 3.0263060 2.8622268 2.7249985 3.1128675 3.0660405 
Oryza_sati 3.0108191 0.1488034 0.0000000 0.1615792 0.2219536 0.4484166 0.4856787 0.6512870 1.1012124 1.0545012 1.0514087 0.8562551 0.9171933 0.9041992 0.9808777 0.7052113 0.8370845 0.8378080 0.7145492 0.9029800 0.9118932 0.8783873 0.8083518 0.8006428 0.7951131 0.6762359 0.7522574 1.9667423 0.7979186 0.7138713 0.7644818 0.7457848 0.7953628 0.7839935 0.8018602 2.9983327 2.8819904 2.7671561 3.1143618 3.0611961 
Gymnosperm 2.9647350 0.1563469 0.1615792 0.0000000 0.1696694 0.3935293 0.4330987 0.5954939 1.0316258 1.0002986 0.9968060 0.8033077 0.8562330 0.8591256 0.9361243 0.6569817 0.7886508 0.7919414 0.6583182 0.8419222 0.8513891 0.8173457 0.7491614 0.7447430 0.7334680 0.6089522 0.6817931 1.9189764 0.7366338 0.6475847 0.6985437 0.6830924 0.7284637 0.7152514 0.7392864 2.9825334 2.8041740 2.6711686 3.0334786 2.9896023 
Physcomitr 2.9282736 0.2222999 0.2219536 0.1696694 0.0000000 0.3926975 0.4223184 0.5909320 1.0237520 0.9840380 0.9856051 0.7862290 0.8481304 0.8360034 0.9228177 0.6437935 0.7812988 0.7780380 0.6550654 0.8326227 0.8353159 0.8068609 0.7418478 0.7335809 0.7355369 0.6063361 0.6754654 1.8840148 0.7188872 0.6382186 0.6830995 0.6731413 0.7166241 0.7070696 0.7401951 2.9866884 2.7639865 2.6570485 3.0422197 2.9533510 
Chlamydomo 3.0849046 0.4492517 0.4484166 0.3935293 0.3926975 0.0000000 0.2548894 0.6545969 1.0702929 1.0535567 1.0711826 0.8561698 0.9054870 0.9046384 0.9855282 0.7071828 0.8361048 0.8485986 0.7406715 0.9064577 0.9097129 0.8726359 0.8004391 0.8101466 0.7791578 0.6562249 0.7341368 1.9655232 0.7795863 0.7141381 0.7544437 0.7594479 0.7785224 0.7653563 0.8011430 3.0168042 2.8848566 2.7874384 3.1886904 3.0917715 
Dunaliella 3.0897958 0.4844288 0.4856787 0.4330987 0.4223184 0.2548894 0.0000000 0.6837383 1.0974149 1.0823080 1.0746357 0.8720428 0.9300420 0.9250620 1.0210925 0.7297152 0.8599494 0.8825205 0.7647974 0.9195216 0.9303390 0.9002076 0.8379731 0.8364213 0.8001447 0.6904841 0.7518542 2.0069011 0.8027198 0.7267299 0.7720023 0.7805047 0.8018575 0.8003308 0.8374401 3.0502660 2.9487599 2.8325154 3.1572913 3.0963031 
Rhodophyta 3.1029304 0.6361652 0.6512870 0.5954939 0.5909320 0.6545969 0.6837383 0.0000000 1.1432707 1.1149021 1.0821904 0.9157370 0.9830457 0.9494469 1.0512650 0.7309209 0.8642272 0.8700300 0.7708791 0.9444506 0.9674989 0.9233174 0.8403534 0.8500040 0.8144155 0.7073066 0.7717249 1.9381166 0.8176420 0.7365326 0.7880353 0.7701364 0.7940936 0.8064405 0.8521049 3.0147731 2.8814906 2.8239220 3.1937497 3.0741709 
Babesia_bo 3.5187693 1.0910093 1.1012124 1.0316258 1.0237520 1.0702929 1.0974149 1.1432707 0.0000000 0.3109379 0.6853548 0.6403291 0.6825819 0.7972350 1.2193374 1.0466902 1.1595537 1.1740671 1.0739907 1.3150171 1.3075116 1.2831500 1.2096853 1.2249216 1.2023037 1.0615181 1.1463300 2.2923558 1.2206870 1.1233826 1.1720183 1.1653101 1.2044485 1.1728315 1.2167952 3.4474373 3.1789831 3.1463025 3.4758170 3.3822515 
Theileria0 3.5257109 1.0451008 1.0545012 1.0002986 0.9840380 1.0535567 1.0823080 1.1149021 0.3109379 0.0000000 0.6706996 0.6324824 0.6733460 0.7765899 1.1959136 1.0108151 1.1322518 1.1403540 1.0428819 1.2920556 1.2821989 1.2630493 1.1840808 1.2041323 1.1712706 1.0435418 1.0975640 2.2756154 1.1796294 1.1084717 1.1551280 1.1342668 1.1769898 1.1214771 1.2008452 3.4794723 3.2511544 3.1954374 3.5068427 3.4066094 
Plasmodium 3.4440291 1.0437890 1.0514087 0.9968060 0.9856051 1.0711826 1.0746357 1.0821904 0.6853548 0.6706996 0.0000000 0.6027840 0.6530619 0.7459751 1.1654480 0.9888463 1.0947868 1.1116714 0.9867119 1.2439919 1.2413558 1.2115880 1.1285726 1.1804648 1.1375860 1.0024615 1.0635373 2.2141026 1.1324145 1.0587932 1.1021867 1.1159574 1.1354923 1.1069199 1.1821694 3.3227933 3.0381561 3.0835230 3.3986467 3.3466664 
Toxoplasma 3.3365845 0.8480840 0.8562551 0.8033077 0.7862290 0.8561698 0.8720428 0.9157370 0.6403291 0.6324824 0.6027840 0.0000000 0.2837119 0.5968857 0.9931483 0.7795883 0.9014986 0.9207989 0.8227322 1.1060504 1.0839375 1.0393018 0.9747118 1.0003186 0.9733979 0.8340470 0.9099911 2.0877560 0.9871533 0.8948630 0.9596020 0.9573052 0.9601496 0.9472184 1.0010749 3.2604968 3.0419319 2.9852866 3.3550721 3.2803107 
Eimeria000 3.2927203 0.9017251 0.9171933 0.8562330 0.8481304 0.9054870 0.9300420 0.9830457 0.6825819 0.6733460 0.6530619 0.2837119 0.0000000 0.6285967 1.0284015 0.8487659 0.9679718 0.9925789 0.8784092 1.1302519 1.1156902 1.0890241 1.0379150 1.0351440 1.0004786 0.8852840 0.9558813 2.1246502 1.0208239 0.9399808 0.9924674 0.9940517 1.0197899 0.9938736 1.0430535 3.2608177 3.0586442 2.9331096 3.3829900 3.2921364 
Cryptospor 3.2827762 0.9018611 0.9041992 0.8591256 0.8360034 0.9046384 0.9250620 0.9494469 0.7972350 0.7765899 0.7459751 0.5968857 0.6285967 0.0000000 1.0202895 0.8444073 0.9670753 0.9762012 0.8731712 1.1169087 1.1077306 1.0795471 1.0073401 1.0418145 0.9998820 0.8759662 0.9529700 2.1160524 1.0176384 0.9257101 0.9827244 0.9729809 1.0025626 0.9645787 1.0099887 3.2345954 3.0899710 3.0009059 3.3541781 3.2946872 
Ciliophora 3.4500031 0.9708374 0.9808777 0.9361243 0.9228177 0.9855282 1.0210925 1.0512650 1.2193374 1.1959136 1.1654480 0.9931483 1.0284015 1.0202895 0.0000000 0.9294612 1.0716425 1.0883443 0.9667026 1.2000054 1.2098090 1.1821779 1.1071183 1.1278998 1.1014934 0.9689175 1.0400095 2.2319661 1.0868689 0.9982320 1.0395880 1.0406512 1.0777709 1.0652449 1.0871875 3.3243427 3.2107521 3.1479069 3.5086134 3.4192868 
Phytophtho 3.0989314 0.7055999 0.7052113 0.6569817 0.6437935 0.7071828 0.7297152 0.7309209 1.0466902 1.0108151 0.9888463 0.7795883 0.8487659 0.8444073 0.9294612 0.0000000 0.5453797 0.5515460 0.4322779 0.9063193 0.9111084 0.8801924 0.8066815 0.8209293 0.8057509 0.6762133 0.7578741 1.9397008 0.8005459 0.7065948 0.7660512 0.7641996 0.7891211 0.7714196 0.8191297 3.0134459 2.8105302 2.6967713 3.1528717 3.0284261 
Thalassios 3.2153185 0.8339112 0.8370845 0.7886508 0.7812988 0.8361048 0.8599494 0.8642272 1.1595537 1.1322518 1.0947868 0.9014986 0.9679718 0.9670753 1.0716425 0.5453797 0.0000000 0.2593900 0.5076048 1.0425835 1.0507530 1.0163349 0.9413124 0.9599942 0.9362227 0.8127230 0.8651094 2.0469390 0.9503910 0.8450082 0.9117690 0.8808182 0.9121739 0.9178714 0.9566194 3.1691450 3.0042501 2.8906102 3.2772038 3.2255061 
Phaeodacty 3.1050430 0.8318370 0.8378080 0.7919414 0.7780380 0.8485986 0.8825205 0.8700300 1.1740671 1.1403540 1.1116714 0.9207989 0.9925789 0.9762012 1.0883443 0.5515460 0.2593900 0.0000000 0.5156455 1.0603199 1.0805281 1.0461148 0.9523190 0.9720863 0.9503423 0.8243019 0.8894837 2.0528459 0.9521127 0.8558342 0.9179620 0.8996835 0.9399023 0.9278983 0.9704414 3.1577125 2.9537651 2.8891173 3.2838183 3.1986153 
Phaeophyce 3.2137031 0.7213666 0.7145492 0.6583182 0.6550654 0.7406715 0.7647974 0.7708791 1.0739907 1.0428819 0.9867119 0.8227322 0.8784092 0.8731712 0.9667026 0.4322779 0.5076048 0.5156455 0.0000000 0.9378746 0.9500593 0.9245176 0.8218864 0.8346913 0.8175672 0.7038995 0.7751760 1.9382297 0.8115011 0.7370428 0.7861035 0.7785248 0.8227380 0.8084371 0.8488140 3.0685812 2.8839565 2.8532005 3.2418124 3.1330647 
Candida_al 3.2134821 0.8900160 0.9029800 0.8419222 0.8326227 0.9064577 0.9195216 0.9444506 1.3150171 1.2920556 1.2439919 1.1060504 1.1302519 1.1169087 1.2000054 0.9063193 1.0425835 1.0603199 0.9378746 0.0000000 0.2223356 0.4452450 0.4880408 0.6286742 0.5910670 0.5339079 0.6120117 1.8564927 0.8437692 0.7589526 0.8203294 0.7889830 0.8388869 0.9037501 0.9404231 3.1303982 2.9093873 2.8441742 3.2267419 3.1628188 
Saccharomy 3.2721172 0.8937914 0.9118932 0.8513891 0.8353159 0.9097129 0.9303390 0.9674989 1.3075116 1.2821989 1.2413558 1.0839375 1.1156902 1.1077306 1.2098090 0.9111084 1.0507530 1.0805281 0.9500593 0.2223356 0.0000000 0.4657180 0.5008179 0.6389216 0.6049310 0.5535287 0.6285073 1.8909574 0.8530415 0.7793269 0.8313196 0.8058152 0.8485570 0.9179916 0.9456450 3.1331454 2.9442237 2.8654859 3.1887833 3.2043526 
Neurospora 3.2995780 0.8596312 0.8783873 0.8173457 0.8068609 0.8726359 0.9002076 0.9233174 1.2831500 1.2630493 1.2115880 1.0393018 1.0890241 1.0795471 1.1821779 0.8801924 1.0163349 1.0461148 0.9245176 0.4452450 0.4657180 0.0000000 0.4478685 0.6004304 0.5679427 0.5105464 0.5783112 1.8276924 0.8176155 0.7364174 0.7949829 0.7834735 0.8071811 0.8793304 0.9129598 3.1787020 3.0487481 2.9402126 3.3305439 3.3048319 
Schizosacc 3.1716355 0.7992188 0.8083518 0.7491614 0.7418478 0.8004391 0.8379731 0.8403534 1.2096853 1.1840808 1.1285726 0.9747118 1.0379150 1.0073401 1.1071183 0.8066815 0.9413124 0.9523190 0.8218864 0.4880408 0.5008179 0.4478685 0.0000000 0.5159126 0.4985932 0.4412490 0.5251425 1.7841731 0.7351908 0.6788940 0.7281200 0.7005882 0.7298250 0.8174939 0.8549171 3.0209627 2.8071941 2.7786046 3.1269027 3.1466724 
Cryptococc 3.1848338 0.7960675 0.8006428 0.7447430 0.7335809 0.8101466 0.8364213 0.8500040 1.2249216 1.2041323 1.1804648 1.0003186 1.0351440 1.0418145 1.1278998 0.8209293 0.9599942 0.9720863 0.8346913 0.6286742 0.6389216 0.6004304 0.5159126 0.0000000 0.3519911 0.4583738 0.5392603 1.8694636 0.7723684 0.6855106 0.7504463 0.7209399 0.7494262 0.8368038 0.8700510 3.1849822 2.9275046 2.9061985 3.2309126 3.1882593 
Ustilago_m 3.1853709 0.7817911 0.7951131 0.7334680 0.7355369 0.7791578 0.8001447 0.8144155 1.2023037 1.1712706 1.1375860 0.9733979 1.0004786 0.9998820 1.1014934 0.8057509 0.9362227 0.9503423 0.8175672 0.5910670 0.6049310 0.5679427 0.4985932 0.3519911 0.0000000 0.4358951 0.5205410 1.8064347 0.7468086 0.6632582 0.7138672 0.6855703 0.7217530 0.8114877 0.8320834 3.1638756 2.8966523 2.8888823 3.2499289 3.1982991 
Glomus_int 3.0492839 0.6588941 0.6762359 0.6089522 0.6063361 0.6562249 0.6904841 0.7073066 1.0615181 1.0435418 1.0024615 0.8340470 0.8852840 0.8759662 0.9689175 0.6762133 0.8127230 0.8243019 0.7038995 0.5339079 0.5535287 0.5105464 0.4412490 0.4583738 0.4358951 0.0000000 0.4068608 1.7126671 0.6231104 0.5349968 0.5903037 0.5686163 0.6182088 0.6816055 0.7101592 2.9522088 2.7414478 2.7009784 3.1157625 3.0964210 
Chytridiom 3.0847712 0.7326307 0.7522574 0.6817931 0.6754654 0.7341368 0.7518542 0.7717249 1.1463300 1.0975640 1.0635373 0.9099911 0.9558813 0.9529700 1.0400095 0.7578741 0.8651094 0.8894837 0.7751760 0.6120117 0.6285073 0.5783112 0.5251425 0.5392603 0.5205410 0.4068608 0.0000000 1.7304181 0.6908713 0.5973055 0.6480530 0.6327563 0.6590389 0.7386507 0.7707444 3.0118771 2.8346677 2.7627764 3.0838068 3.0734701 
Encephalit 4.3637381 1.9602579 1.9667423 1.9189764 1.8840148 1.9655232 2.0069011 1.9381166 2.2923558 2.2756154 2.2141026 2.0877560 2.1246502 2.1160524 2.2319661 1.9397008 2.0469390 2.0528459 1.9382297 1.8564927 1.8909574 1.8276924 1.7841731 1.8694636 1.8064347 1.7126671 1.7304181 0.0000000 1.8993995 1.8228009 1.8851450 1.8529470 1.8702405 1.9362578 1.9294848 4.2422271 4.0031293 3.9184526 4.5360988 4.3187864 
Drosophila 3.1203132 0.7743145 0.7979186 0.7366338 0.7188872 0.7795863 0.8027198 0.8176420 1.2206870 1.1796294 1.1324145 0.9871533 1.0208239 1.0176384 1.0868689 0.8005459 0.9503910 0.9521127 0.8115011 0.8437692 0.8530415 0.8176155 0.7351908 0.7723684 0.7468086 0.6231104 0.6908713 1.8993995 0.0000000 0.3468376 0.3995086 0.4615365 0.6066070 0.8058551 0.8357895 3.0345355 2.8464023 2.7540494 3.2953693 3.0911353 
Mammalians 3.0780403 0.6981939 0.7138713 0.6475847 0.6382186 0.7141381 0.7267299 0.7365326 1.1233826 1.1084717 1.0587932 0.8948630 0.9399808 0.9257101 0.9982320 0.7065948 0.8450082 0.8558342 0.7370428 0.7589526 0.7793269 0.7364174 0.6788940 0.6855106 0.6632582 0.5349968 0.5973055 1.8228009 0.3468376 0.0000000 0.2663680 0.3688853 0.5063407 0.7205637 0.7484257 2.9912301 2.8244572 2.7371086 3.2008651 3.0570660 
Tunicates0 3.0679047 0.7580303 0.7644818 0.6985437 0.6830995 0.7544437 0.7720023 0.7880353 1.1720183 1.1551280 1.1021867 0.9596020 0.9924674 0.9827244 1.0395880 0.7660512 0.9117690 0.9179620 0.7861035 0.8203294 0.8313196 0.7949829 0.7281200 0.7504463 0.7138672 0.5903037 0.6480530 1.8851450 0.3995086 0.2663680 0.0000000 0.4239316 0.5696492 0.7765198 0.8109448 2.9737660 2.7971952 2.7469861 3.1805916 3.0003936 
Hydrozoa00 3.1009676 0.7303318 0.7457848 0.6830924 0.6731413 0.7594479 0.7805047 0.7701364 1.1653101 1.1342668 1.1159574 0.9573052 0.9940517 0.9729809 1.0406512 0.7641996 0.8808182 0.8996835 0.7785248 0.7889830 0.8058152 0.7834735 0.7005882 0.7209399 0.6855703 0.5686163 0.6327563 1.8529470 0.4615365 0.3688853 0.4239316 0.0000000 0.5657617 0.7529125 0.7885021 3.0650253 2.8531652 2.7832011 3.1812970 3.0864133 
Monosiga_b 3.0633417 0.7794401 0.7953628 0.7284637 0.7166241 0.7785224 0.8018575 0.7940936 1.2044485 1.1769898 1.1354923 0.9601496 1.0197899 1.0025626 1.0777709 0.7891211 0.9121739 0.9399023 0.8227380 0.8388869 0.8485570 0.8071811 0.7298250 0.7494262 0.7217530 0.6182088 0.6590389 1.8702405 0.6066070 0.5063407 0.5696492 0.5657617 0.0000000 0.8029038 0.8215257 3.0628361 2.8322344 2.7418395 3.2474209 3.1190580 
Dictyostel 3.0505715 0.7649649 0.7839935 0.7152514 0.7070696 0.7653563 0.8003308 0.8064405 1.1728315 1.1214771 1.1069199 0.9472184 0.9938736 0.9645787 1.0652449 0.7714196 0.9178714 0.9278983 0.8084371 0.9037501 0.9179916 0.8793304 0.8174939 0.8368038 0.8114877 0.6816055 0.7386507 1.9362578 0.8058551 0.7205637 0.7765198 0.7529125 0.8029038 0.0000000 0.7067406 3.0264747 2.8475412 2.7832117 3.2144536 3.1522539 
Mastigamoe 3.0592637 0.7885658 0.8018602 0.7392864 0.7401951 0.8011430 0.8374401 0.8521049 1.2167952 1.2008452 1.1821694 1.0010749 1.0430535 1.0099887 1.0871875 0.8191297 0.9566194 0.9704414 0.8488140 0.9404231 0.9456450 0.9129598 0.8549171 0.8700510 0.8320834 0.7101592 0.7707444 1.9294848 0.8357895 0.7484257 0.8109448 0.7885021 0.8215257 0.7067406 0.0000000 3.0051068 2.8083708 2.7058080 3.1917641 3.1201292 
Archaeoglo 1.8026948 3.0263060 2.9983327 2.9825334 2.9866884 3.0168042 3.0502660 3.0147731 3.4474373 3.4794723 3.3227933 3.2604968 3.2608177 3.2345954 3.3243427 3.0134459 3.1691450 3.1577125 3.0685812 3.1303982 3.1331454 3.1787020 3.0209627 3.1849822 3.1638756 2.9522088 3.0118771 4.2422271 3.0345355 2.9912301 2.9737660 3.0650253 3.0628361 3.0264747 3.0051068 0.0000000 0.9366497 1.0589214 1.8300782 1.7750871 
Methanococ 1.6335106 2.8622268 2.8819904 2.8041740 2.7639865 2.8848566 2.9487599 2.8814906 3.1789831 3.2511544 3.0381561 3.0419319 3.0586442 3.0899710 3.2107521 2.8105302 3.0042501 2.9537651 2.8839565 2.9093873 2.9442237 3.0487481 2.8071941 2.9275046 2.8966523 2.7414478 2.8346677 4.0031293 2.8464023 2.8244572 2.7971952 2.8531652 2.8322344 2.8475412 2.8083708 0.9366497 0.0000000 0.9290538 1.7274891 1.6178534 
Pyrococcus 1.6012232 2.7249985 2.7671561 2.6711686 2.6570485 2.7874384 2.8325154 2.8239220 3.1463025 3.1954374 3.0835230 2.9852866 2.9331096 3.0009059 3.1479069 2.6967713 2.8906102 2.8891173 2.8532005 2.8441742 2.8654859 2.9402126 2.7786046 2.9061985 2.8888823 2.7009784 2.7627764 3.9184526 2.7540494 2.7371086 2.7469861 2.7832011 2.7418395 2.7832117 2.7058080 1.0589214 0.9290538 0.0000000 1.6281656 1.5242218 
Pyrobaculu 1.4765297 3.1128675 3.1143618 3.0334786 3.0422197 3.1886904 3.1572913 3.1937497 3.4758170 3.5068427 3.3986467 3.3550721 3.3829900 3.3541781 3.5086134 3.1528717 3.2772038 3.2838183 3.2418124 3.2267419 3.1887833 3.3305439 3.1269027 3.2309126 3.2499289 3.1157625 3.0838068 4.5360988 3.2953693 3.2008651 3.1805916 3.1812970 3.2474209 3.2144536 3.1917641 1.8300782 1.7274891 1.6281656 0.0000000 1.4714877 
Sulfolobus 1.1148828 3.0660405 3.0611961 2.9896023 2.9533510 3.0917715 3.0963031 3.0741709 3.3822515 3.4066094 3.3466664 3.2803107 3.2921364 3.2946872 3.4192868 3.0284261 3.2255061 3.1986153 3.1330647 3.1628188 3.2043526 3.3048319 3.1466724 3.1882593 3.1982991 3.0964210 3.0734701 4.3187864 3.0911353 3.0570660 3.0003936 3.0864133 3.1190580 3.1522539 3.1201292 1.7750871 1.6178534 1.5242218 1.4714877 0.0000000 
