PhyloMixtureModel (MixtureModel {_name = "EDM4", _components = [MixtureModelComponent {_weight = 0.9, _substModel = SubstitutionModel {_code = Protein, _name = "LG-Custom", _params = [], _stationaryDistribution = [7.46116859730418e-2,6.9967050701822e-3,7.92378063875672e-2,0.1103113280153337,8.475354157963e-3,4.20976864270153e-2,3.59995156499732e-2,1.76053658394712e-2,0.1140305648643406,3.06656386818212e-2,1.4392375123675e-2,8.05907035564168e-2,1.36556223619922e-2,8.5482995941809e-2,9.07856579607629e-2,9.55855590305961e-2,5.85231905811694e-2,2.76404860443685e-2,2.4024774767569e-3,1.09092808557433e-2], _exchangeabilityMatrix = (20><20)
 [                 0.0,     1.889342203527916,    0.2999345283931096,    0.7883088311856488,   0.19257204914628667,     1.568230146582765,  0.27239159645621475,   0.11372864168287916,   0.40724463310695436,    0.3000810252752079,    0.8532001184943941,  0.21011903579637756,   0.8938974077720373,    0.7361992070771836,   0.32266735285924153,    3.5881731819245553,   1.6239908069756503,    1.9339637875229083,   0.13717345617703314,   0.1662010922661786
 ,   1.889342203527916,                   0.0,  4.748320702872715e-2,  2.655920157834841e-3,    0.8389421007050917,   0.43210128283791105,  0.48620493445555946,   0.24337230993029768, 1.0069573253454416e-2,   0.45088172769219786,    0.6783488787235898,   0.4013619862869429, 5.721879775304544e-2,  6.437361438858451e-2,    0.4057515793914753,    2.1135613744634587,   0.8679598691286037,     1.487202189758326,    0.5086614642839514,   0.8846984662479446
 ,  0.2999345283931096,  4.748320702872715e-2,                   0.0,    3.9803658296843065, 1.3219635744170219e-2,    0.6413420963929011,   0.7037269966307205,  8.114257355602872e-3,   0.21478036923143434, 1.1443455930128054e-2, 1.9392240123568025e-2,   3.8530570029360303,  0.29941230116573303,   0.39727677271464595,  9.408743276486421e-2,      0.94143223028254,    0.323249545131622, 2.8818897008435384e-2, 2.2688040445179594e-2,  0.10255313082726261
 ,  0.7883088311856488,  2.655920157834841e-3,    3.9803658296843065,                   0.0, 1.4278512171772277e-2,   0.26479273486716515,    0.321747382801712,  3.359940148229758e-2,    1.3717398751287495,  5.288537443750411e-2,   0.13187376068060477,  0.41118714505316584,  0.31835290582376474,     3.133811963519721,   0.27627186620381455,    0.4645188415977883,   0.4588806092650083,   0.18599335237350742, 5.9093654223423275e-2, 9.111422920435004e-2
 , 0.19257204914628667,    0.8389421007050917, 1.3219635744170219e-2, 1.4278512171772277e-2,                   0.0,  6.800036103452188e-2,   0.5177784282781654,    0.8446167674955957, 1.8154986663359168e-2,    1.9679859805250441,     1.365421532918456, 6.795405891116436e-2, 7.170301280071747e-2, 2.7215780868581944e-2, 4.0018697502534575e-2,    0.2746391470670604,  0.12524420747725254,    0.4969379184600707,    1.8650806499397834,    5.923561197933019
 ,   1.568230146582765,   0.43210128283791105,    0.6413420963929011,   0.26479273486716515,  6.800036103452188e-2,                   0.0,  0.23643230478508934,  6.607540718477362e-3,   0.22516191252915002,  3.359636527748725e-2,   0.10591648670590398,   1.0912461661361732,  0.14950348391177712,   0.20339460119270253,    0.2961757068379229,    1.3207415019808644, 9.855217193845225e-2, 5.8219986289251256e-2,    0.2037984164324762, 4.150416070598779e-2
 , 0.27239159645621475,   0.48620493445555946,    0.7037269966307205,     0.321747382801712,    0.5177784282781654,   0.23643230478508934,                  0.0,   8.26470130395465e-2,    0.5292590777172199,    0.2780533593762748,    0.3358589037089162,   3.4227425266289977,  0.38624396348511486,    3.6536967588850517,    1.8419144072369769,    0.7514697991707306,   0.4434847737230351,  9.033696077290596e-2,    0.4531945567064656,    4.028158729603687
 , 0.11372864168287916,   0.24337230993029768,  8.114257355602872e-3,  3.359940148229758e-2,    0.8446167674955957,  6.607540718477362e-3,  8.26470130395465e-2,                   0.0,   0.12074151574353538,    3.1463180911334643,      3.24388653271337,   0.1453605824480839, 5.941928718933101e-2, 5.5299916312917835e-2,  9.639267126710611e-2, 4.8658977341526854e-2,    0.784660831106039,     8.083217474775683,  8.475565728031961e-2,   0.1764968627780025
 , 0.40724463310695436, 1.0069573253454416e-2,   0.21478036923143434,    1.3717398751287495, 1.8154986663359168e-2,   0.22516191252915002,   0.5292590777172199,   0.12074151574353538,                   0.0,   0.10436954035504163,    0.4983960558202309,   1.6282240355324507,   0.2962743834942586,     2.454994750204138,      4.80180876396507,      0.56828873150279,   0.8629372273211177,   0.14057780082061397,  3.788120931606333e-2,  0.10014314325906437
 ,  0.3000810252752079,   0.45088172769219786, 1.1443455930128054e-2,  5.288537443750411e-2,    1.9679859805250441,  3.359636527748725e-2,   0.2780533593762748,    3.1463180911334643,   0.10436954035504163,                   0.0,    4.7914029310288715, 5.193959663908679e-2,  0.18904929251510302,    0.4421146863023744,   0.22911808739700804,   0.13836516656508707,  0.22994393510541736,    1.2924706399406933,    0.4703324147583647,   0.2274481747513274
 ,  0.8532001184943941,    0.6783488787235898, 1.9392240123568025e-2,   0.13187376068060477,     1.365421532918456,   0.10591648670590398,   0.3358589037089162,      3.24388653271337,    0.4983960558202309,    4.7914029310288715,                   0.0,   0.2816110323627772, 7.579050352662219e-2,    1.2695655108515753,    0.3674817358596899,   0.26336040524789267,   1.5335612419560294,    1.4412241812643194,     0.528432470957608,   0.3653358981099903
 , 0.21011903579637756,    0.4013619862869429,    3.8530570029360303,   0.41118714505316584,  6.795405891116436e-2,    1.0912461661361732,   3.4227425266289977,    0.1453605824480839,    1.6282240355324507,  5.193959663908679e-2,    0.2816110323627772,                  0.0,  0.12280461691215358,    1.2871625948810366,      0.57071390009504,     3.042548960279665,    1.518617800930795,  6.352347704169253e-2,  3.444270736836632e-2,  0.46455831226032257
 ,  0.8938974077720373,  5.721879775304544e-2,   0.29941230116573303,   0.31835290582376474,  7.170301280071747e-2,   0.14950348391177712,  0.38624396348511486,  5.941928718933101e-2,    0.2962743834942586,   0.18904929251510302,  7.579050352662219e-2,  0.12280461691215358,                  0.0,    0.4738711114648026,    0.2524095735482404,    1.0157107038136186,  0.43377347263719945,   0.22505944061680144,  7.220929995283974e-2,  6.80208554169916e-2
 ,  0.7361992070771836,  6.437361438858451e-2,   0.39727677271464595,     3.133811963519721, 2.7215780868581944e-2,   0.20339460119270253,   3.6536967588850517, 5.5299916312917835e-2,     2.454994750204138,    0.4421146863023744,    1.2695655108515753,   1.2871625948810366,   0.4738711114648026,                   0.0,     2.131345944139958,    0.9289481151536718,   0.8198785297522417,   0.15965275754150265,   0.17928713499869436,  0.19533120026767267
 , 0.32266735285924153,    0.4057515793914753,  9.408743276486421e-2,   0.27627186620381455, 4.0018697502534575e-2,    0.2961757068379229,   1.8419144072369769,  9.639267126710611e-2,      4.80180876396507,   0.22911808739700804,    0.3674817358596899,     0.57071390009504,   0.2524095735482404,     2.131345944139958,                   0.0,    0.6513805485470496,   0.4394807786294144,    0.1297119828556509,   0.45057810721116504,   0.2386760601399221
 ,  3.5881731819245553,    2.1135613744634587,      0.94143223028254,    0.4645188415977883,    0.2746391470670604,    1.3207415019808644,   0.7514697991707306, 4.8658977341526854e-2,      0.56828873150279,   0.13836516656508707,   0.26336040524789267,    3.042548960279665,   1.0157107038136186,    0.9289481151536718,    0.6513805485470496,                   0.0,    4.912791158397007,  7.466710774680065e-2,   0.18889900037699175,   0.3040356820406608
 ,  1.6239908069756503,    0.8679598691286037,     0.323249545131622,    0.4588806092650083,   0.12524420747725254,  9.855217193845225e-2,   0.4434847737230351,     0.784660831106039,    0.8629372273211177,   0.22994393510541736,    1.5335612419560294,    1.518617800930795,  0.43377347263719945,    0.8198785297522417,    0.4394807786294144,     4.912791158397007,                  0.0,    1.6609239613396884,   0.10689338560362718,  0.18660590669399119
 ,  1.9339637875229083,     1.487202189758326, 2.8818897008435384e-2,   0.18599335237350742,    0.4969379184600707, 5.8219986289251256e-2, 9.033696077290596e-2,     8.083217474775683,   0.14057780082061397,    1.2924706399406933,    1.4412241812643194, 6.352347704169253e-2,  0.22505944061680144,   0.15965275754150265,    0.1297119828556509,  7.466710774680065e-2,   1.6609239613396884,                   0.0,   0.14384779340133774,  0.18924133246935632
 , 0.13717345617703314,    0.5086614642839514, 2.2688040445179594e-2, 5.9093654223423275e-2,    1.8650806499397834,    0.2037984164324762,   0.4531945567064656,  8.475565728031961e-2,  3.788120931606333e-2,    0.4703324147583647,     0.528432470957608, 3.444270736836632e-2, 7.220929995283974e-2,   0.17928713499869436,   0.45057810721116504,   0.18889900037699175,  0.10689338560362718,   0.14384779340133774,                   0.0,   2.3923889660663673
 ,  0.1662010922661786,    0.8846984662479446,   0.10255313082726261,  9.111422920435004e-2,     5.923561197933019,  4.150416070598779e-2,    4.028158729603687,    0.1764968627780025,   0.10014314325906437,    0.2274481747513274,    0.3653358981099903,  0.46455831226032257,  6.80208554169916e-2,   0.19533120026767267,    0.2386760601399221,    0.3040356820406608,  0.18660590669399119,   0.18924133246935632,    2.3923889660663673,                  0.0 ]}},MixtureModelComponent {_weight = 5.0e-2, _substModel = SubstitutionModel {_code = Protein, _name = "LG-Custom", _params = [], _stationaryDistribution = [3.79912838025543e-2,8.5917039746034e-3,1.6977963056655e-3,2.9780993213938e-3,3.6908668917678e-2,5.1768704164023e-3,2.749679775725e-3,0.2650202435999584,3.5114356263963e-3,0.2705514660371282,6.34852940497682e-2,3.6512748214048e-3,3.0666766077233e-3,4.694639974114e-3,3.9700770877914e-3,1.37110414055372e-2,2.86159990065166e-2,0.2351259204392804,1.8121721806795e-3,6.6896566496796e-3], _exchangeabilityMatrix = (20><20)
 [                  0.0,    0.8797293407310427,    0.1396577096690297,     0.367058125868601,  8.966680653316894e-2,     0.730210795266035,  0.12683296817466205,  5.295516226922519e-2,   0.18962422579163163,    0.1397259226191596,   0.39727328186136646,  9.783716284484002e-2,     0.416223051468433,   0.34279446141592407,    0.1502427337283037,    1.6707514508854067,    0.7561744819473375,    0.9005063691576507,  6.387170833482993e-2,  7.738776863984034e-2
 ,   0.8797293407310427,                   0.0,  2.210947828147668e-2,  1.236668976707061e-3,    0.3906343592953575,   0.20119816091030154,  0.22639029904168934,   0.11332079565437407,  4.688668375248892e-3,   0.20994284905596775,    0.3158577682490901,   0.18688510473719327,  2.664263526782843e-2, 2.9974113339974972e-2,   0.18892901919626642,    0.9841319116671403,   0.40414582494569595,    0.6924819651447139,   0.23684667277014843,     0.411939773009241
 ,   0.1396577096690297,  2.210947828147668e-2,                   0.0,     1.853367061127424,  6.155423520528773e-3,     0.298626399489337,  0.32767451319542445, 3.7782198802510667e-3,   0.10000760702487949,   5.32838567957578e-3,  9.029556735327807e-3,     1.794088593724656,   0.13941454640639053,    0.1849829177030014,  4.380967886217406e-2,   0.43835656332819384,   0.15051381835394942, 1.3418865686949697e-2, 1.0564171395762805e-2,   4.77515391357419e-2
 ,    0.367058125868601,  1.236668976707061e-3,     1.853367061127424,                   0.0, 6.6484653103276725e-3,   0.12329473064227726,  0.14981437053888705, 1.5644799158027453e-2,    0.6387195573931227, 2.4624874996887987e-2, 6.1404025341012074e-2,   0.19145996705056742,    0.1482338093317324,    1.4591884559051107,   0.12863972776566707,   0.21629266181261797,   0.21366734682005437,  8.660358560686997e-2, 2.7515619655501034e-2,  4.242527406601471e-2
 , 8.966680653316894e-2,    0.3906343592953575,  6.155423520528773e-3, 6.6484653103276725e-3,                   0.0, 3.1662825649408054e-2,  0.24109178025206573,    0.3932766391667099,   8.45345772645884e-3,    0.9163480315966229,    0.6357775646631686,  3.164126611594731e-2, 3.3386881456317755e-2, 1.2672411020243404e-2, 1.8633798739625514e-2,   0.12787948913494487,  5.831712427140377e-2,   0.23138786958488392,    0.8684324986325894,    2.7581719064481813
 ,    0.730210795266035,   0.20119816091030154,     0.298626399489337,   0.12329473064227726, 3.1662825649408054e-2,                   0.0,  0.11008933968008636, 3.0766514553400874e-3,   0.10484153717475729,  1.564338541812839e-2,  4.931760950893109e-2,    0.5081140242978059,  6.961290606493269e-2,  9.470608240338593e-2,    0.1379074996739873,    0.6149733217435036, 4.5888583383749064e-2, 2.7108815999545097e-2,  9.489410980996156e-2, 1.9325470985243037e-2
 ,  0.12683296817466205,   0.22639029904168934,   0.32767451319542445,   0.14981437053888705,   0.24109178025206573,   0.11008933968008636,                  0.0,  3.848270692249735e-2,   0.24643748424540504,    0.1294692396514434,   0.15638508015476613,    1.5937224187449541,   0.17984574034477416,    1.7012610182121526,    0.8576456632027238,    0.3499048662382712,   0.20649862522687076,  4.206335665185409e-2,    0.2110197654240805,    1.8756207408786052
 , 5.295516226922519e-2,   0.11332079565437407, 3.7782198802510667e-3, 1.5644799158027453e-2,    0.3932766391667099, 3.0766514553400874e-3, 3.848270692249735e-2,                   0.0,  5.622054800109045e-2,    1.4650116505493591,    1.5104421822058112,  6.768385797265856e-2,  2.766724325967575e-2, 2.5749151651619385e-2, 4.4883060880539116e-2, 2.2656949057389582e-2,    0.3653595173798744,    3.7637668638279513, 3.9464549282397954e-2,  8.218176063756959e-2
 ,  0.18962422579163163,  4.688668375248892e-3,   0.10000760702487949,    0.6387195573931227,   8.45345772645884e-3,   0.10484153717475729,  0.24643748424540504,  5.622054800109045e-2,                   0.0, 4.8597309030357506e-2,   0.23206681817140984,    0.7581455888016086,    0.1379534462207069,    1.1431126182765896,    2.2358533305145207,   0.26461075721291016,   0.40180714571766774,  6.545686419665651e-2, 1.7638525850683793e-2, 4.6629383090859094e-2
 ,   0.1397259226191596,   0.20994284905596775,   5.32838567957578e-3, 2.4624874996887987e-2,    0.9163480315966229,  1.564338541812839e-2,   0.1294692396514434,    1.4650116505493591, 4.8597309030357506e-2,                   0.0,    2.2310080904454503, 2.4184495018329255e-2,  8.802651481527883e-2,   0.20586067509741773,   0.10668364026323891,  6.442660124521293e-2,   0.10706817751578457,    0.6018096361083352,   0.21899962028435255,    0.1059060833187532
 ,  0.39727328186136646,    0.3158577682490901,  9.029556735327807e-3, 6.1404025341012074e-2,    0.6357775646631686,  4.931760950893109e-2,  0.15638508015476613,    1.5104421822058112,   0.23206681817140984,    2.2310080904454503,                   0.0,   0.13112578937817276,  3.529012879543393e-2,    0.5911443823097892,   0.17110953463850231,   0.12262779884489336,    0.7140680062285619,    0.6710733484181988,   0.24605259355788459,   0.17011037396483816
 , 9.783716284484002e-2,   0.18688510473719327,     1.794088593724656,   0.19145996705056742,  3.164126611594731e-2,    0.5081140242978059,   1.5937224187449541,  6.768385797265856e-2,    0.7581455888016086, 2.4184495018329255e-2,   0.13112578937817276,                   0.0, 5.7181184262505076e-2,    0.5993380653297948,   0.26573998195728826,    1.4166939085840418,     0.707109931880339, 2.9578266168236788e-2, 1.6037465414992742e-2,   0.21631104043130583
 ,    0.416223051468433,  2.664263526782843e-2,   0.13941454640639053,    0.1482338093317324, 3.3386881456317755e-2,  6.961290606493269e-2,  0.17984574034477416,  2.766724325967575e-2,    0.1379534462207069,  8.802651481527883e-2,  3.529012879543393e-2, 5.7181184262505076e-2,                   0.0,   0.22064733413671278,   0.11752879246394088,   0.47294264965389343,   0.20197677815971155,   0.10479382345316385,  3.362262258448683e-2,  3.167236839372674e-2
 ,  0.34279446141592407, 2.9974113339974972e-2,    0.1849829177030014,    1.4591884559051107, 1.2672411020243404e-2,  9.470608240338593e-2,   1.7012610182121526, 2.5749151651619385e-2,    1.1431126182765896,   0.20586067509741773,    0.5911443823097892,    0.5993380653297948,   0.22064733413671278,                   0.0,    0.9924128931259132,    0.4325436182982135,    0.3817578399041035,  7.433868511253203e-2,  8.348098760481026e-2,   9.09515426664442e-2
 ,   0.1502427337283037,   0.18892901919626642,  4.380967886217406e-2,   0.12863972776566707, 1.8633798739625514e-2,    0.1379074996739873,   0.8576456632027238, 4.4883060880539116e-2,    2.2358533305145207,   0.10668364026323891,   0.17110953463850231,   0.26573998195728826,   0.11752879246394088,    0.9924128931259132,                   0.0,    0.3033005770306205,    0.2046342557349789, 6.0397442532877835e-2,   0.20980147506606125,   0.11113409346549537
 ,   1.6707514508854067,    0.9841319116671403,   0.43835656332819384,   0.21629266181261797,   0.12787948913494487,    0.6149733217435036,   0.3499048662382712, 2.2656949057389582e-2,   0.26461075721291016,  6.442660124521293e-2,   0.12262779884489336,    1.4166939085840418,   0.47294264965389343,    0.4325436182982135,    0.3033005770306205,                   0.0,    2.2875297650450417,  3.476704503277991e-2,  8.795653469027512e-2,   0.14156731883769166
 ,   0.7561744819473375,   0.40414582494569595,   0.15051381835394942,   0.21366734682005437,  5.831712427140377e-2, 4.5888583383749064e-2,  0.20649862522687076,    0.3653595173798744,   0.40180714571766774,   0.10706817751578457,    0.7140680062285619,     0.707109931880339,   0.20197677815971155,    0.3817578399041035,    0.2046342557349789,    2.2875297650450417,                   0.0,    0.7733715675145383,  4.977248032145524e-2,  8.688880763150632e-2
 ,   0.9005063691576507,    0.6924819651447139, 1.3418865686949697e-2,  8.660358560686997e-2,   0.23138786958488392, 2.7108815999545097e-2, 4.206335665185409e-2,    3.7637668638279513,  6.545686419665651e-2,    0.6018096361083352,    0.6710733484181988, 2.9578266168236788e-2,   0.10479382345316385,  7.433868511253203e-2, 6.0397442532877835e-2,  3.476704503277991e-2,    0.7733715675145383,                   0.0,  6.697946206794946e-2,  8.811593386389469e-2
 , 6.387170833482993e-2,   0.23684667277014843, 1.0564171395762805e-2, 2.7515619655501034e-2,    0.8684324986325894,  9.489410980996156e-2,   0.2110197654240805, 3.9464549282397954e-2, 1.7638525850683793e-2,   0.21899962028435255,   0.24605259355788459, 1.6037465414992742e-2,  3.362262258448683e-2,  8.348098760481026e-2,   0.20980147506606125,  8.795653469027512e-2,  4.977248032145524e-2,  6.697946206794946e-2,                   0.0,    1.1139616549928453
 , 7.738776863984034e-2,     0.411939773009241,   4.77515391357419e-2,  4.242527406601471e-2,    2.7581719064481813, 1.9325470985243037e-2,   1.8756207408786052,  8.218176063756959e-2, 4.6629383090859094e-2,    0.1059060833187532,   0.17011037396483816,   0.21631104043130583,  3.167236839372674e-2,   9.09515426664442e-2,   0.11113409346549537,   0.14156731883769166,  8.688880763150632e-2,  8.811593386389469e-2,    1.1139616549928453,                   0.0 ]}},MixtureModelComponent {_weight = 3.0e-2, _substModel = SubstitutionModel {_code = Protein, _name = "LG-Custom", _params = [], _stationaryDistribution = [0.2699288544670601,2.62695884363299e-2,1.1903028623864e-2,1.43694121662917e-2,1.1334108966898e-2,0.1028437949687162,9.737698040126e-3,2.50662077996463e-2,1.37176088824149e-2,3.02792626622677e-2,1.51697996735645e-2,2.55041240872322e-2,1.9427953535881e-2,1.55053062932145e-2,1.46597721555602e-2,0.226183887289311,0.1040919090386891,5.34187313840882e-2,2.4899475832214e-3,8.0990039456234e-3], _exchangeabilityMatrix = (20><20)
 [                  0.0,    1.4624540038130436,   0.23216569825795405,    0.6101940687377435,   0.14906127845479422,     1.213895742384709,   0.2108459653833865, 8.803217705441371e-2,    0.3152295773134883,  0.23227909484189252,    0.6604234674988848,   0.16264360400352865,   0.6919253910452338,    0.5698583750384673,   0.24976214536869715,   2.7774419194583033,   1.2570575374764414,    1.4969935456959829,   0.10617974331403914,  0.12864871825173446
 ,   1.4624540038130436,                   0.0, 3.6754594325675134e-2,  2.055827187568535e-3,    0.6493869833916293,   0.33446998111780574,   0.3763491609621927,   0.1883834534634286, 7.7943993913358635e-3,  0.34900707065047804,     0.525079062871177,   0.31067608754393805, 4.429047300751395e-2, 4.9828691661421065e-2,   0.31407387223262306,   1.6360118821338838,   0.6718483202174531,    1.1511756805253908,   0.39373174094053365,   0.6848049081397913
 ,  0.23216569825795405, 3.6754594325675134e-2,                   0.0,    3.0810204384324136, 1.0232719719546616e-2,    0.4964337931647705,   0.5447231115105501, 6.280878146644081e-3,   0.16625173054221354, 8.857859582675974e-3, 1.5010652468705612e-2,    2.9824764568016096,  0.23176146587583138,    0.3075139092291356,   7.28288091477194e-2,   0.7287199385714676,  0.25021279396911583, 2.2307399494259667e-2,   1.75617818337878e-2, 7.938172158640243e-2
 ,   0.6101940687377435,  2.055827187568535e-3,    3.0810204384324136,                   0.0, 1.1052347878065652e-2,   0.20496403169526173,   0.2490500383234462, 2.600777092246962e-2,    1.0618015459698606, 4.093616680178981e-2,    0.1020774896919747,    0.3182812967796874,  0.24642252783964896,      2.42574153305252,   0.21384950599008853,  0.35956294125689603,   0.3551986416429323,   0.14396900802476947,  4.574171426309963e-2, 7.052738728612869e-2
 ,  0.14906127845479422,    0.6493869833916293, 1.0232719719546616e-2, 1.1052347878065652e-2,                   0.0, 5.2635991547732144e-2,  0.40078876876273595,   0.6537794852648109, 1.4052950749432472e-2,    1.523328580334793,    1.0569108041838302,  5.260015117664278e-2,  5.55020461407471e-2, 2.1066500088673855e-2, 3.0976656468416207e-2,   0.2125856922488882, 9.694585360845838e-2,   0.38465707649012043,    1.4436742369092845,    4.585159731557721
 ,    1.213895742384709,   0.33446998111780574,    0.4964337931647705,   0.20496403169526173, 5.2635991547732144e-2,                   0.0,  0.18301151062949345, 5.114597218572191e-3,    0.1742876117781023, 2.600542073420147e-2,  8.198514264045105e-2,    0.8446841031929028,  0.11572385787101636,   0.15743852453663248,   0.22925616518197822,    1.022326021176729, 7.628476099604126e-2, 4.5065447588938046e-2,    0.1577510995762971, 3.212648607861101e-2
 ,   0.2108459653833865,    0.3763491609621927,    0.5447231115105501,    0.2490500383234462,   0.40078876876273595,   0.18301151062949345,                  0.0, 6.397329975331159e-2,    0.4096754181516968,  0.21522847895642844,    0.2599731258467633,     2.649389561479613,  0.29897391260972755,     2.828160744926288,     1.425742300423262,   0.5816786469331525,  0.34328142448218557,    6.9925739089481e-2,    0.3507973265637451,   3.1180147519614403
 , 8.803217705441371e-2,    0.1883834534634286,  6.280878146644081e-3,  2.600777092246962e-2,    0.6537794852648109,  5.114597218572191e-3, 6.397329975331159e-2,                  0.0,   9.34605244067846e-2,   2.4354219585290497,     2.510945258526209,   0.11251702597911895, 4.599377195485924e-2,  4.280515402204003e-2,  7.461318959031604e-2, 3.766470473251813e-2,   0.6073703175335553,     6.256851584431667,  6.560550550554518e-2,  0.13661820666904786
 ,   0.3152295773134883, 7.7943993913358635e-3,   0.16625173054221354,    1.0618015459698606, 1.4052950749432472e-2,    0.1742876117781023,   0.4096754181516968,  9.34605244067846e-2,                   0.0, 8.078772171782612e-2,    0.3857857544059018,    1.2603342874693164,  0.22933254630069327,    1.9002999536409795,     3.716862111740532,   0.4398865007917615,   0.6679605212748578,   0.10881489190970788, 2.9322123927635127e-2, 7.751625964855444e-2
 ,  0.23227909484189252,   0.34900707065047804,  8.857859582675974e-3,  4.093616680178981e-2,     1.523328580334793,  2.600542073420147e-2,  0.21522847895642844,   2.4354219585290497,  8.078772171782612e-2,                  0.0,    3.7088074289984974,  4.020408315625955e-2,  0.14633447251666742,    0.3422209020261807,    0.1773499070915082,  0.10710219220928996,  0.17798915830044634,    1.0004428306648714,   0.36406296424334567,    0.176057303544023
 ,   0.6604234674988848,     0.525079062871177, 1.5010652468705612e-2,    0.1020774896919747,    1.0569108041838302,  8.198514264045105e-2,   0.2599731258467633,    2.510945258526209,    0.3857857544059018,   3.7088074289984974,                   0.0,   0.21798231205963897, 5.866598709675069e-2,    0.9827130103699105,   0.28445092420666407,  0.20385533037975961,   1.1870601176447817,    1.1155861920336536,    0.4090355793956916,  0.28278992864814556
 ,  0.16264360400352865,   0.31067608754393805,    2.9824764568016096,    0.3182812967796874,  5.260015117664278e-2,    0.8446841031929028,    2.649389561479613,  0.11251702597911895,    1.2603342874693164, 4.020408315625955e-2,   0.21798231205963897,                   0.0, 9.505747733499588e-2,    0.9963341140250696,    0.4417637136709503,   2.3550989865412513,     1.17549307853599, 4.9170638946337684e-2, 2.6660535713949655e-2,  0.35959349370438204
 ,   0.6919253910452338,  4.429047300751395e-2,   0.23176146587583138,   0.24642252783964896,   5.55020461407471e-2,   0.11572385787101636,  0.29897391260972755, 4.599377195485924e-2,   0.22933254630069327,  0.14633447251666742,  5.866598709675069e-2,  9.505747733499588e-2,                  0.0,    0.3668021086698803,    0.1953787888435918,   0.7862155319106772,    0.335764347306492,    0.1742082929240521,  5.589394003446193e-2, 5.265185531854219e-2
 ,   0.5698583750384673, 4.9828691661421065e-2,    0.3075139092291356,      2.42574153305252, 2.1066500088673855e-2,   0.15743852453663248,    2.828160744926288, 4.280515402204003e-2,    1.9002999536409795,   0.3422209020261807,    0.9827130103699105,    0.9963341140250696,   0.3668021086698803,                   0.0,    1.6497781099146014,   0.7190565519598814,   0.6346307388029515,   0.12357994970439129,   0.13877802968748226,  0.15119701204348002
 ,  0.24976214536869715,   0.31407387223262306,   7.28288091477194e-2,   0.21384950599008853, 3.0976656468416207e-2,   0.22925616518197822,    1.425742300423262, 7.461318959031604e-2,     3.716862111740532,   0.1773499070915082,   0.28445092420666407,    0.4417637136709503,   0.1953787888435918,    1.6497781099146014,                   0.0,   0.5042041031263578,   0.3401821137035563,   0.10040415564504838,    0.3487720518236626,  0.18474829975965995
 ,   2.7774419194583033,    1.6360118821338838,    0.7287199385714676,   0.35956294125689603,    0.2125856922488882,     1.022326021176729,   0.5816786469331525, 3.766470473251813e-2,    0.4398865007917615,  0.10710219220928996,   0.20385533037975961,    2.3550989865412513,   0.7862155319106772,    0.7190565519598814,    0.5042041031263578,                  0.0,   3.8027685435063994,  5.779641743753336e-2,   0.14621813819739377,  0.23534021506116434
 ,   1.2570575374764414,    0.6718483202174531,   0.25021279396911583,    0.3551986416429323,  9.694585360845838e-2,  7.628476099604126e-2,  0.34328142448218557,   0.6073703175335553,    0.6679605212748578,  0.17798915830044634,    1.1870601176447817,      1.17549307853599,    0.335764347306492,    0.6346307388029515,    0.3401821137035563,   3.8027685435063994,                  0.0,     1.285645815117345,  8.274131571572992e-2,  0.14444315850786973
 ,   1.4969935456959829,    1.1511756805253908, 2.2307399494259667e-2,   0.14396900802476947,   0.38465707649012043, 4.5065447588938046e-2,   6.9925739089481e-2,    6.256851584431667,   0.10881489190970788,   1.0004428306648714,    1.1155861920336536, 4.9170638946337684e-2,   0.1742082929240521,   0.12357994970439129,   0.10040415564504838, 5.779641743753336e-2,    1.285645815117345,                   0.0,   0.11134604467451074,  0.14648312192462823
 ,  0.10617974331403914,   0.39373174094053365,   1.75617818337878e-2,  4.574171426309963e-2,    1.4436742369092845,    0.1577510995762971,   0.3507973265637451, 6.560550550554518e-2, 2.9322123927635127e-2,  0.36406296424334567,    0.4090355793956916, 2.6660535713949655e-2, 5.589394003446193e-2,   0.13877802968748226,    0.3487720518236626,  0.14621813819739377, 8.274131571572992e-2,   0.11134604467451074,                   0.0,   1.8518396590986919
 ,  0.12864871825173446,    0.6848049081397913,  7.938172158640243e-2,  7.052738728612869e-2,     4.585159731557721,  3.212648607861101e-2,   3.1180147519614403,  0.13661820666904786,  7.751625964855444e-2,    0.176057303544023,   0.28278992864814556,   0.35959349370438204, 5.265185531854219e-2,   0.15119701204348002,   0.18474829975965995,  0.23534021506116434,  0.14444315850786973,   0.14648312192462823,    1.8518396590986919,                  0.0 ]}},MixtureModelComponent {_weight = 2.0e-2, _substModel = SubstitutionModel {_code = Protein, _name = "LG-Custom", _params = [], _stationaryDistribution = [3.25183213724537e-2,1.5314242456579e-2,7.2297704620506e-3,1.01526783552517e-2,0.2682049848838039,1.07298905683658e-2,4.20960604309369e-2,4.14751553493385e-2,1.31985876449809e-2,0.1152120909184748,3.00072241461393e-2,1.73787316286536e-2,6.2421326435569e-3,1.7312496732586e-2,1.81776303531701e-2,3.28778350287987e-2,2.50382111285986e-2,4.37257936268565e-2,2.58103804738129e-2,0.2272977817955918], _exchangeabilityMatrix = (20><20)
 [                  0.0,   1.4127748344842865,    0.2242790919058814,    0.5894659402734032,    0.1439977069008109,    1.1726600303717816,  0.20368358462525255,  8.504174766732688e-2,   0.30452131332162374,   0.22438863643835016,    0.6379890598628029,   0.15711864450226318,    0.6684208715355747,   0.5505004392448397,   0.24127779243907752,    2.6830929641695898,    1.214355630888297,    1.4461410774154184,   0.10257284598008617,   0.12427855587993208
 ,   1.4127748344842865,                  0.0,  3.550605063790496e-2,   1.98599129071599e-3,     0.627327482153512,    0.3231081257814913,   0.3635646811457823,   0.18198411819616908,  7.529625739536531e-3,    0.3371513942910354,    0.5072422682729539,    0.3001225043753394,  4.278593754694277e-2,  4.81360244021268e-2,   0.30340486723164417,     1.580436998339605,   0.6490258134060932,    1.1120705521515353,    0.3803567795555658,    0.6615422695200883
 ,   0.2242790919058814, 3.550605063790496e-2,                   0.0,     2.976359002471237,  9.885116981740405e-3,     0.479570070677193,   0.5262190138613502,  6.067518404616728e-3,    0.1606042039524738,  8.556960474088101e-3, 1.4500744639957734e-2,     2.881162533402881,   0.22388859118910157,   0.2970677444077391,  7.035483408099737e-2,    0.7039655181745568,   0.2417131326276969,  2.154962313078422e-2, 1.6965212826379233e-2,   7.66851458458889e-2
 ,   0.5894659402734032,  1.98599129071599e-3,     2.976359002471237,                   0.0, 1.0676902592071588e-2,   0.19800145864315546,  0.24058987547870378, 2.5124293936422775e-2,    1.0257324329186197, 3.9545576221221825e-2,  9.860994481067233e-2,    0.3074693666980109,    0.2380516208196349,   2.3433397453353586,   0.20658509576504683,    0.3473486848108992,  0.34313263928147986,   0.13907841952823716,  4.418788052724242e-2,  6.813159090130759e-2
 ,   0.1439977069008109,    0.627327482153512,  9.885116981740405e-3, 1.0676902592071588e-2,                   0.0,  5.084796106604249e-2,  0.38717408203992987,    0.6315707719189858, 1.3575575790610186e-2,    1.4715815180077225,    1.0210078283161848,  5.081333818272334e-2,  5.361665655507153e-2, 2.035087674439034e-2, 2.9924387776258478e-2,   0.20536421343685873, 9.365262902527266e-2,   0.37159037901680947,    1.3946330112133076,      4.42940308819694
 ,   1.1726600303717816,   0.3231081257814913,     0.479570070677193,   0.19800145864315546,  5.084796106604249e-2,                   0.0,  0.17679465881605583,  4.940855726116802e-3,   0.16836710846322617,  2.512202358341824e-2,  7.920012938666127e-2,    0.8159904113007685,   0.11179274953149816,  0.15209038018547183,    0.2214683948862685,    0.9875978810897156,  7.36933881741644e-2,  4.353458645018781e-2,    0.1523923371350748, 3.1035157983726667e-2
 ,  0.20368358462525255,   0.3635646811457823,    0.5262190138613502,   0.24058987547870378,   0.38717408203992987,   0.17679465881605583,                  0.0,  6.180014395991381e-2,    0.3957588543383235,   0.20791722539045707,     0.251141908655526,     2.559390510364558,    0.2888178491775142,   2.7320888847721836,    1.3773102177887142,    0.5619191796811428,   0.3316202467837398,  6.755038053214692e-2,    0.3388808356922391,     3.012096629115604
 , 8.504174766732688e-2,  0.18198411819616908,  6.067518404616728e-3, 2.5124293936422775e-2,    0.6315707719189858,  4.940855726116802e-3, 6.180014395991381e-2,                   0.0,  9.028569551954894e-2,     2.352691329361033,    2.4256491231617288,   0.10869485285681171,  4.443137588697868e-2, 4.135107444807737e-2,   7.20785995996897e-2, 3.6385244838910695e-2,   0.5867381111384556,     6.044308018263128,  6.337690412156256e-2,    0.1319773229183064
 ,  0.30452131332162374, 7.529625739536531e-3,    0.1606042039524738,    1.0257324329186197, 1.3575575790610186e-2,   0.16836710846322617,   0.3957588543383235,  9.028569551954894e-2,                   0.0,  7.804338453085127e-2,   0.37268071604723685,     1.217521070564868,   0.22154218135891585,    1.835747275111455,     3.590601305083118,    0.4249436746233551,    0.645270081948343,   0.10511847928641976, 2.8326059261066645e-2,  7.488305314854014e-2
 ,  0.22438863643835016,   0.3371513942910354,  8.556960474088101e-3, 3.9545576221221825e-2,    1.4715815180077225,  2.512202358341824e-2,  0.20791722539045707,     2.352691329361033,  7.804338453085127e-2,                   0.0,     3.582820237748329, 3.8838361260309526e-2,    0.1413635298273005,  0.33059574999044394,   0.17132537842813378,   0.10346395953436571,  0.17194291444536697,    0.9664580566762497,    0.3516958432263304,   0.17007668427564018
 ,   0.6379890598628029,   0.5072422682729539, 1.4500744639957734e-2,  9.860994481067233e-2,    1.0210078283161848,  7.920012938666127e-2,    0.251141908655526,    2.4256491231617288,   0.37268071604723685,     3.582820237748329,                   0.0,    0.2105775115235196, 5.6673119287425223e-2,   0.9493305136100464,    0.2747882027859972,    0.1969304196132666,   1.1467360045895119,     1.077690029015628,   0.39514075073283916,   0.27318363080004293
 ,  0.15711864450226318,   0.3001225043753394,     2.881162533402881,    0.3074693666980109,  5.081333818272334e-2,    0.8159904113007685,    2.559390510364558,   0.10869485285681171,     1.217521070564868, 3.8838361260309526e-2,    0.2105775115235196,                   0.0,   9.18284003861297e-2,   0.9624889120360735,    0.4267571190857265,    2.2750969071368288,    1.135561894689447, 4.7500325560857315e-2, 2.5754884483432054e-2,    0.3473781993999582
 ,   0.6684208715355747, 4.278593754694277e-2,   0.22388859118910157,    0.2380516208196349,  5.361665655507153e-2,   0.11179274953149816,   0.2888178491775142,  4.443137588697868e-2,   0.22154218135891585,    0.1413635298273005, 5.6673119287425223e-2,   9.18284003861297e-2,                   0.0,  0.35434193965311467,   0.18874182391416414,    0.7595080016657242,  0.32435852269873827,   0.16829048404932315,  5.399523791857754e-2,  5.086328594882309e-2
 ,   0.5505004392448397,  4.81360244021268e-2,    0.2970677444077391,    2.3433397453353586,  2.035087674439034e-2,   0.15209038018547183,   2.7320888847721836,  4.135107444807737e-2,     1.835747275111455,   0.33059574999044394,    0.9493305136100464,    0.9624889120360735,   0.35434193965311467,                  0.0,     1.593735591063662,    0.6946303942081646,    0.613072503226295,    0.1193819720374037,     0.134063777329473,   0.14606089019368104
 ,  0.24127779243907752,  0.30340486723164417,  7.035483408099737e-2,   0.20658509576504683, 2.9924387776258478e-2,    0.2214683948862685,   1.3773102177887142,   7.20785995996897e-2,     3.590601305083118,   0.17132537842813378,    0.2747882027859972,    0.4267571190857265,   0.18874182391416414,    1.593735591063662,                   0.0,    0.4870764252984331,   0.3286262187590108,  9.699345347144424e-2,   0.33692435899058204,   0.17847244968640635
 ,   2.6830929641695898,    1.580436998339605,    0.7039655181745568,    0.3473486848108992,   0.20536421343685873,    0.9875978810897156,   0.5619191796811428, 3.6385244838910695e-2,    0.4249436746233551,   0.10346395953436571,    0.1969304196132666,    2.2750969071368288,    0.7595080016657242,   0.6946303942081646,    0.4870764252984331,                   0.0,    3.673589518457844,   5.58330886757477e-2,   0.14125114735357605,    0.2273457712267555
 ,    1.214355630888297,   0.6490258134060932,    0.2417131326276969,   0.34313263928147986,  9.365262902527266e-2,   7.36933881741644e-2,   0.3316202467837398,    0.5867381111384556,     0.645270081948343,   0.17194291444536697,    1.1467360045895119,     1.135561894689447,   0.32435852269873827,    0.613072503226295,    0.3286262187590108,     3.673589518457844,                  0.0,     1.241972772423698,  7.993061546587005e-2,   0.13953646324690186
 ,   1.4461410774154184,   1.1120705521515353,  2.154962313078422e-2,   0.13907841952823716,   0.37159037901680947,  4.353458645018781e-2, 6.755038053214692e-2,     6.044308018263128,   0.10511847928641976,    0.9664580566762497,     1.077690029015628, 4.7500325560857315e-2,   0.16829048404932315,   0.1193819720374037,  9.699345347144424e-2,   5.58330886757477e-2,    1.241972772423698,                   0.0,   0.10756364947230272,   0.14150712965483725
 ,  0.10257284598008617,   0.3803567795555658, 1.6965212826379233e-2,  4.418788052724242e-2,    1.3946330112133076,    0.1523923371350748,   0.3388808356922391,  6.337690412156256e-2, 2.8326059261066645e-2,    0.3516958432263304,   0.39514075073283916, 2.5754884483432054e-2,  5.399523791857754e-2,    0.134063777329473,   0.33692435899058204,   0.14125114735357605, 7.993061546587005e-2,   0.10756364947230272,                   0.0,    1.7889331637462182
 ,  0.12427855587993208,   0.6615422695200883,   7.66851458458889e-2,  6.813159090130759e-2,      4.42940308819694, 3.1035157983726667e-2,    3.012096629115604,    0.1319773229183064,  7.488305314854014e-2,   0.17007668427564018,   0.27318363080004293,    0.3473781993999582,  5.086328594882309e-2,  0.14606089019368104,   0.17847244968640635,    0.2273457712267555,  0.13953646324690186,   0.14150712965483725,    1.7889331637462182,                   0.0 ]}}]})