A C D E F G H I K L M N P Q R S T V W Y 

1	0.0267009	0.013874	0.022432	0.0440502	0.0485174	0.0407515	0.0170806	0.348043	0.0371379	0.0715536	0.0454168	0.0342213	0.0146872	0.0239681	0.0768379	0.0210387	0.0123336	0.0512678	0.0149093	0.0351776
2	0.00482918	0.00528282	0.00607393	0.0130255	0.0167362	0.0064249	0.00399213	0.00856831	0.0152114	0.0150655	0.00529262	0.015014	0.0333593	0.00644286	0.0339134	0.61587	0.167881	0.0114275	0.00338057	0.0122088
3	0.0365305	0.00287507	0.335267	0.0619402	0.0160241	0.00898317	0.0344663	0.0160832	0.026207	0.0479421	0.0106205	0.0321881	0.152049	0.0296626	0.0466782	0.0756639	0.0253698	0.0293813	0.00320857	0.00885876
4	0.130531	0.00182462	0.0792633	0.179212	0.016016	0.0274944	0.0245393	0.0477428	0.100849	0.0485454	0.0153189	0.044	0.0185701	0.0813771	0.0784277	0.0439292	0.0260618	0.0251728	0.00132861	0.00979603
5	0.043843	0.00559832	0.259704	0.094694	0.0202833	0.029805	0.0181731	0.0311236	0.0413209	0.0565414	0.0258962	0.0237127	0.0527182	0.0297926	0.0540791	0.0495788	0.1038	0.0341264	0.00443889	0.0207707
6	0.0910327	0.117547	0.0300119	0.010382	0.036234	0.0545072	0.0121084	0.194006	0.0195921	0.149643	0.0645198	0.0139606	0.00817612	0.00635683	0.0247052	0.0434001	0.020388	0.0892598	0.00442758	0.00974242
7	0.0290463	0.0155278	0.0114115	0.121217	0.0547757	0.00637245	0.0360371	0.0756465	0.0594905	0.0984703	0.026875	0.0168305	0.00261317	0.0454607	0.101233	0.0361054	0.0601437	0.0952016	0.0252162	0.0823258
8	0.0739266	0.00930181	0.104988	0.00584367	0.00912298	0.0256689	0.0468023	0.160285	0.0729127	0.163993	0.0623972	0.0493893	0.00395248	0.00764008	0.0479217	0.0357408	0.0420037	0.0490639	0.00557259	0.023473
9	0.0245991	0.00683661	0.0149649	0.0111991	0.0226025	0.0469115	0.00507706	0.158121	0.0204357	0.391532	0.15191	0.0222491	0.00984004	0.0120641	0.0146092	0.0118083	0.0130173	0.052261	0.00280299	0.00715927
10	0.0232427	0.013916	0.0183835	0.0186548	0.0279084	0.304198	0.0125747	0.139392	0.0318134	0.076728	0.0280101	0.0459319	0.0295431	0.0270298	0.0313979	0.020309	0.0180108	0.107417	0.00606674	0.0194717
11	0.0338605	0.00763465	0.0265233	0.0309596	0.249251	0.0555705	0.0110618	0.0787554	0.0291848	0.141465	0.0798023	0.0380507	0.0231838	0.0130815	0.0508268	0.0666554	0.0181895	0.0323609	0.00784324	0.00573967
12	0.00758007	0.0205262	0.248877	0.0312707	0.0181796	0.0475946	0.0272755	0.0366384	0.0438929	0.0362577	0.0181583	0.228654	0.00711953	0.0191235	0.0618408	0.0366392	0.0130463	0.0730355	0.00364346	0.0206469
13	0.0402044	0.00442484	0.01845	0.0762704	0.0203131	0.04555	0.0190802	0.0464072	0.0447561	0.0673764	0.00737281	0.0275527	0.4511	0.0195236	0.0346442	0.0254571	0.00806737	0.0286464	0.00325169	0.0115517
14	0.0055885	0.00749534	0.0469446	0.0493424	0.0170701	0.00832711	0.00506415	0.108907	0.136523	0.0214449	0.018344	0.0165857	0.00532546	0.137158	0.151932	0.0204715	0.0178917	0.141649	0.00347429	0.0804604
15	0.023918	0.0041509	0.0165382	0.0285559	0.131324	0.0427644	0.0253135	0.134516	0.0517276	0.021916	0.0227697	0.0395128	0.00628172	0.0320772	0.123996	0.0161846	0.0199575	0.0358708	0.0694256	0.153199
16	0.249533	0.0499363	0.0136674	0.0180356	0.0540252	0.0134906	0.0136626	0.0440319	0.0234529	0.0412657	0.0282815	0.0120347	0.00557623	0.0101653	0.0520952	0.224325	0.0414878	0.0506448	0.017745	0.0365427
17	0.0240451	0.011703	0.0267543	0.0263252	0.0347207	0.0297933	0.0563946	0.150143	0.0230901	0.0654444	0.0256801	0.0967188	0.0122242	0.0205948	0.178597	0.0202114	0.0256433	0.13653	0.0072808	0.0281059
18	0.0577092	0.0115167	0.034994	0.0349629	0.029632	0.0590581	0.0173807	0.0385142	0.0310459	0.0624677	0.0220435	0.0310247	0.402963	0.0242699	0.0377301	0.0271146	0.0275542	0.032773	0.00320875	0.0140364
19	0.0429859	0.00371147	0.110904	0.146248	0.0263877	0.0132753	0.0203042	0.0250964	0.057093	0.0343737	0.0187863	0.0347553	0.0739725	0.039565	0.0565325	0.097663	0.15073	0.0242202	0.00395108	0.0194437
20	0.0501421	0.0149407	0.0376975	0.0360531	0.0776114	0.0464643	0.0201661	0.0613652	0.0523026	0.0472465	0.0267225	0.0855185	0.0215607	0.0316297	0.0570864	0.113184	0.0411879	0.0524414	0.0855227	0.0411562
21	0.0255321	0.0076517	0.0236902	0.0433983	0.200812	0.0498255	0.0160037	0.0492699	0.0398454	0.148401	0.143264	0.0383329	0.025448	0.0299615	0.0416037	0.0320061	0.0177476	0.0440968	0.00529636	0.0178132
22	0.0402563	0.0605887	0.022837	0.0331044	0.0295784	0.0439372	0.0132183	0.379441	0.029962	0.0724317	0.0391234	0.0267915	0.0120696	0.0142104	0.0500231	0.0256956	0.010554	0.070873	0.00777911	0.0175253
23	0.0578078	0.0335677	0.0232737	0.0140633	0.0105765	0.0286873	0.0115298	0.177693	0.0241764	0.332464	0.0739833	0.0510729	0.00921619	0.0114309	0.0270072	0.020455	0.0287924	0.0399273	0.00382961	0.0204458
24	0.0307778	0.0026431	0.0695029	0.13321	0.0275836	0.0121494	0.0286539	0.0122197	0.0791139	0.0383945	0.0149908	0.0386175	0.0245708	0.0797523	0.0558907	0.114654	0.197827	0.0246504	0.0025385	0.01226
25	0.0102264	0.0638924	0.0250497	0.0115647	0.0194785	0.0527249	0.0487191	0.0351309	0.0408741	0.0384828	0.0358335	0.147676	0.00776695	0.0357762	0.0523949	0.0382262	0.0296997	0.286172	0.004988	0.0153235
26	0.0244609	0.00671392	0.0218703	0.0206619	0.105575	0.0437967	0.0100851	0.0914125	0.0310278	0.24678	0.174806	0.0398643	0.0227041	0.016671	0.0382711	0.0234797	0.0188289	0.0415383	0.00490231	0.0165497
27	0.0508001	0.0120707	0.0199649	0.0252631	0.0278515	0.0917554	0.0114948	0.0374515	0.0246013	0.0608824	0.0195852	0.0250421	0.482494	0.0140913	0.030267	0.0162482	0.0137685	0.0233768	0.0020246	0.0109664
28	0.0108561	0.0221948	0.0171456	0.00895902	0.0397198	0.0588585	0.0221583	0.0685895	0.0615176	0.0275162	0.0294692	0.0542586	0.00752192	0.0346576	0.0519444	0.0142335	0.0224602	0.421083	0.00303139	0.0238251
29	0.0666276	0.0121157	0.0283114	0.0310365	0.0308922	0.0640649	0.0145952	0.0346603	0.0273198	0.0613014	0.0182758	0.0272648	0.438437	0.0203098	0.038207	0.0225615	0.0198559	0.0288894	0.00285481	0.0124195
30	0.0436632	0.0105669	0.0410299	0.0357961	0.0307305	0.0599122	0.019775	0.0484871	0.0356364	0.0654901	0.0212718	0.034829	0.358643	0.0262354	0.0409945	0.0322266	0.0302812	0.0428121	0.0042128	0.0174057
31	0.0289709	0.0325534	0.0191861	0.0197171	0.0244621	0.0543887	0.0106413	0.055313	0.0306059	0.258609	0.203337	0.0300645	0.109794	0.0116306	0.0295874	0.0122613	0.0196894	0.0260733	0.00267354	0.0204406
32	0.163842	0.0631659	0.0199408	0.0140963	0.0274182	0.012642	0.0518077	0.028303	0.0190754	0.0332957	0.0162208	0.0731793	0.157718	0.0764715	0.0279895	0.0875402	0.0764831	0.0305869	0.00411753	0.0161065
33	0.0871638	0.0279788	0.0296779	0.0356934	0.0362322	0.0631193	0.0243743	0.110828	0.0476819	0.0641548	0.0301243	0.0389446	0.0270681	0.035546	0.0580543	0.0441458	0.0399748	0.162317	0.00707493	0.0298452
34	0.0545432	0.0165779	0.0427669	0.04115	0.0442138	0.0427314	0.030076	0.0825151	0.0424945	0.101519	0.0386406	0.0508367	0.0327424	0.0348155	0.137936	0.0485422	0.0372083	0.0707849	0.0116539	0.0382512
35	0.0431412	0.0121714	0.0385528	0.0385736	0.0313837	0.0585223	0.0210657	0.0470322	0.0357346	0.0675479	0.0222242	0.0319007	0.348468	0.0275766	0.043617	0.0320346	0.0303093	0.0471313	0.00454022	0.018473
36	0.0824967	0.00646916	0.0244897	0.0369596	0.0613978	0.0393954	0.0173069	0.0359242	0.0411095	0.0528405	0.0215033	0.0126003	0.0119609	0.0514764	0.0436769	0.249735	0.0595366	0.0592906	0.00805432	0.0837761
37	0.0166264	0.0143461	0.0261165	0.0197919	0.0397571	0.113103	0.0247772	0.109211	0.0613069	0.0303466	0.0222817	0.0613461	0.0136779	0.0389801	0.0666191	0.0215995	0.0207285	0.260781	0.00526811	0.0333351
38	0.0719292	0.0047268	0.0216985	0.0512282	0.0272032	0.0126989	0.0314668	0.0370149	0.0866274	0.0709073	0.0510261	0.0315009	0.00441874	0.102395	0.0746004	0.124009	0.0513029	0.120311	0.00504432	0.0198912
39	0.0122452	0.00465429	0.0187699	0.0263366	0.14499	0.0824426	0.0513242	0.0309178	0.0346249	0.0216257	0.173153	0.0269458	0.00992395	0.0122671	0.0309243	0.0727504	0.0415504	0.173241	0.00427625	0.0270363
40	0.0344241	0.0120939	0.0327501	0.0224949	0.0232728	0.0274065	0.0824753	0.0595511	0.029021	0.0485884	0.0137657	0.0202832	0.0920293	0.0401404	0.122071	0.0641288	0.135592	0.120201	0.00383904	0.0158711
41	0.0630439	0.00660408	0.0246533	0.0182954	0.0451508	0.148879	0.0198619	0.0529275	0.0340897	0.0599995	0.026677	0.0874837	0.0106923	0.017422	0.0439018	0.240684	0.016522	0.0496245	0.0105032	0.0229843
42	0.0515483	0.00711327	0.0131678	0.131752	0.0432302	0.0198147	0.0567265	0.0424397	0.0547988	0.0818402	0.0545191	0.0488013	0.0114193	0.182544	0.0410572	0.0369692	0.0455175	0.0469097	0.00489548	0.0249362
43	0.0464176	0.0132269	0.151647	0.0406329	0.0328232	0.0395169	0.0269748	0.0556939	0.0585253	0.0851429	0.0386858	0.0613575	0.0480546	0.0423333	0.0617653	0.0498339	0.0493782	0.057829	0.00584988	0.0343115
44	0.041131	0.0134175	0.152469	0.0409817	0.0336826	0.0397597	0.025991	0.0635619	0.0572082	0.0875684	0.0361278	0.0646462	0.0479081	0.0402968	0.0615784	0.0493944	0.0475016	0.0587511	0.00651979	0.0315055
45	0.0331225	0.0131811	0.0239084	0.0300273	0.0348333	0.0518356	0.0174231	0.146752	0.0332952	0.282868	0.0387878	0.0299027	0.0248719	0.0249914	0.0501771	0.0249064	0.0246974	0.0824159	0.00994078	0.0220612
46	0.0360681	0.0161298	0.0536589	0.0608347	0.0352798	0.0376807	0.0321655	0.0580496	0.0628915	0.0793593	0.0371797	0.0507399	0.0306553	0.0486248	0.062484	0.0482418	0.137753	0.0668793	0.00990806	0.0354166
47	0.0150241	0.00579739	0.0193989	0.0238244	0.105284	0.0257369	0.0527583	0.0503967	0.065628	0.0806006	0.0145104	0.0160222	0.0272302	0.0117495	0.0370324	0.043569	0.0206704	0.142132	0.00909554	0.233539
48	0.0949297	0.0739503	0.0316985	0.0343642	0.0345956	0.0404567	0.0244111	0.0538021	0.114794	0.0589159	0.0388893	0.0409412	0.0206991	0.122776	0.0242819	0.0363843	0.0402592	0.0739085	0.00679082	0.0331511
49	0.0342401	0.0153489	0.0313871	0.0389877	0.0369312	0.0406661	0.0271602	0.112153	0.041208	0.215505	0.033172	0.0395648	0.0212215	0.0264606	0.0687215	0.0283961	0.0321025	0.0679974	0.0145738	0.0742026
50	0.106697	0.0210906	0.0101846	0.00927945	0.070287	0.17931	0.0152172	0.0281968	0.0894515	0.0658669	0.0623203	0.023315	0.00382536	0.0519706	0.0985516	0.100634	0.00798981	0.0207806	0.0158928	0.0191393
51	0.068102	0.00608589	0.0968476	0.0762774	0.01879	0.0228068	0.019358	0.0363973	0.116432	0.0551655	0.045937	0.0577738	0.0268672	0.107808	0.0677017	0.044556	0.0683993	0.0417343	0.00456207	0.0183984
52	0.0231393	0.012545	0.0192165	0.0309409	0.0384979	0.121382	0.0162391	0.270671	0.0361902	0.0496032	0.0230681	0.0395838	0.0161717	0.030067	0.0556356	0.0169416	0.0171041	0.141975	0.0111856	0.0298416
53	0.00980375	0.00148542	0.0157867	0.00975676	0.00851482	0.29794	0.00527872	0.28131	0.0155469	0.0616193	0.0138611	0.0397066	0.0205435	0.0208087	0.021267	0.00852466	0.00301148	0.156358	0.00331077	0.00556606
54	0.0191231	0.00733455	0.0160733	0.0664701	0.0448321	0.0168546	0.015977	0.219019	0.0552785	0.176341	0.0238885	0.0203924	0.00679185	0.0468	0.102761	0.0158136	0.0209357	0.0720343	0.0146954	0.0385829
55	0.0679128	0.0352255	0.0257767	0.0197037	0.0255015	0.0145387	0.0613592	0.101448	0.0336546	0.117754	0.0269353	0.0994174	0.0110959	0.0219183	0.0472972	0.0327939	0.181211	0.0423351	0.00753949	0.0265817
56	0.03307	0.0152258	0.0465951	0.0381412	0.0393762	0.0663018	0.0284547	0.0774284	0.0507058	0.087192	0.0439671	0.145074	0.0321691	0.041039	0.0661798	0.0296746	0.0334375	0.0851955	0.00834637	0.032426
57	0.112254	0.00202055	0.0426809	0.0914441	0.0235652	0.0222998	0.0136803	0.210751	0.101706	0.0355165	0.0235388	0.0615046	0.00761463	0.0786575	0.0642588	0.0264387	0.0203519	0.0448961	0.00225534	0.0145646
58	0.101042	0.0103639	0.0373809	0.0594288	0.0362649	0.0248393	0.0267967	0.0342091	0.086959	0.0701317	0.039357	0.0556912	0.00602727	0.143822	0.079769	0.0484006	0.0555288	0.0498092	0.00526475	0.0289138
59	0.00775178	0.00420958	0.0134772	0.0125037	0.0439151	0.0276113	0.00860707	0.15321	0.0104222	0.465635	0.0213935	0.0172044	0.00507556	0.0112206	0.0303164	0.00712592	0.00466518	0.122387	0.0169391	0.0163296
60	0.0065556	0.0064964	0.0402562	0.0461427	0.0202177	0.00839576	0.00437857	0.119972	0.132095	0.0181456	0.0165021	0.0135847	0.00596303	0.147755	0.16742	0.0163763	0.0214479	0.116598	0.00458372	0.0871152
61	0.0519716	0.00384904	0.0882989	0.121053	0.00774497	0.0276859	0.0112259	0.0209486	0.193193	0.0442559	0.0253649	0.0798611	0.00315102	0.0757718	0.069699	0.0596639	0.0762301	0.0292689	0.00315553	0.00760751
62	0.0875091	0.0311326	0.031823	0.0193305	0.0481062	0.0494851	0.0379744	0.0362755	0.055049	0.127543	0.0477266	0.116151	0.00619799	0.0857424	0.0427871	0.0266522	0.0374169	0.0509577	0.00427426	0.0578647
63	0.0216061	0.00840217	0.0114686	0.0944773	0.0399136	0.00775406	0.0116207	0.399684	0.0449416	0.0815366	0.0213155	0.0302073	0.00620192	0.0290784	0.0684356	0.0135905	0.0247673	0.0486294	0.0101495	0.0262204
64	0.104961	0.00875181	0.0359821	0.0586046	0.0339873	0.0256766	0.0255568	0.0327421	0.089918	0.0695635	0.0424727	0.0506961	0.00614581	0.146898	0.0814797	0.0480303	0.0542387	0.0509838	0.00536751	0.027943
65	0.0255582	0.00436576	0.116564	0.199768	0.0212582	0.015364	0.010818	0.0456293	0.0409047	0.0348272	0.0281059	0.0652122	0.0108809	0.0561491	0.0779239	0.0867676	0.0890634	0.0348298	0.0025749	0.0334352
66	0.0422751	0.0498778	0.015667	0.0127703	0.0357832	0.289322	0.0179847	0.0682613	0.0312087	0.0734157	0.0425419	0.0613124	0.0349722	0.0259561	0.0364935	0.0314523	0.0225654	0.0743473	0.0065419	0.0272506
67	0.212624	0.0146966	0.0179638	0.0512899	0.0407815	0.0290084	0.0386	0.0405591	0.0288299	0.0801772	0.0204145	0.0143082	0.00568587	0.0172329	0.0473277	0.194163	0.0522649	0.0581919	0.0079827	0.0278981
68	0.093597	0.00600055	0.0455044	0.0327564	0.0314916	0.0371157	0.0142845	0.042718	0.0946062	0.0356945	0.0168789	0.0830048	0.122852	0.0305785	0.0765305	0.0254389	0.134623	0.0510334	0.00374692	0.021544
69	0.127712	0.00412618	0.0589292	0.0921547	0.0213082	0.0261796	0.0300667	0.0423784	0.0836794	0.0811852	0.0392978	0.042039	0.0196185	0.112504	0.0752735	0.0430002	0.0401804	0.0407677	0.00271514	0.0168845
70	0.0331394	0.014816	0.0241205	0.0379288	0.0215013	0.0287545	0.0981587	0.101638	0.0344317	0.0648777	0.0199432	0.0249608	0.033376	0.0418325	0.0548472	0.0837273	0.170983	0.0935125	0.00465635	0.0127942
71	0.0345739	0.00336685	0.0216487	0.0260385	0.0206359	0.0190579	0.092866	0.127448	0.0335792	0.0376451	0.0427031	0.0931752	0.0100988	0.0906429	0.181104	0.0162511	0.0307879	0.0930919	0.004864	0.020421
72	0.117541	0.064987	0.0334372	0.0178064	0.0283267	0.0446775	0.0219796	0.205909	0.031389	0.13086	0.0601193	0.0208132	0.00806566	0.00819429	0.0329144	0.0522258	0.0283153	0.068379	0.00609244	0.0179669
73	0.0496257	0.00106923	0.0888179	0.109852	0.043884	0.00237218	0.0220517	0.010347	0.0619829	0.0413386	0.0103554	0.0811178	0.010004	0.0863747	0.0706278	0.131286	0.141678	0.0284525	0.00176456	0.00699859
74	0.0375363	0.0052735	0.162334	0.183617	0.0176151	0.0187647	0.0241021	0.032424	0.0402086	0.0315926	0.0473981	0.0537221	0.0246541	0.0613369	0.0913126	0.0580852	0.0410129	0.0264644	0.0031165	0.0394287
75	0.0906335	0.020748	0.0393427	0.0318773	0.0402379	0.0295614	0.0473081	0.0278912	0.0602935	0.0849544	0.0467368	0.0846398	0.00958347	0.125104	0.0575141	0.0463747	0.0596904	0.0534242	0.00445545	0.0396292
76	0.0247096	0.0205508	0.00819721	0.113227	0.0533827	0.00569874	0.0343852	0.0906944	0.0453206	0.0973319	0.0274695	0.0134016	0.00428819	0.0333766	0.0974696	0.0394204	0.0663467	0.10866	0.0294567	0.0866127
77	0.0496315	0.00106956	0.0888199	0.109816	0.0438778	0.00239161	0.022034	0.0103493	0.0621107	0.0413241	0.0103889	0.0810568	0.0100032	0.0863585	0.0706695	0.13121	0.141673	0.0284599	0.00176638	0.00698984
78	0.0664607	0.0141546	0.0317827	0.031249	0.045158	0.0486817	0.0249594	0.0350137	0.0440756	0.201472	0.0354568	0.107268	0.0143143	0.0611386	0.052177	0.0298731	0.0313638	0.0683102	0.005685	0.0514056
79	0.0330848	0.0140111	0.0250691	0.0301897	0.0347528	0.0502029	0.0184711	0.144382	0.0301804	0.279824	0.0376504	0.0314384	0.0261031	0.0264596	0.0510671	0.0253745	0.024085	0.0838789	0.010914	0.022861
80	0.046121	0.0127532	0.0416316	0.0537583	0.0390795	0.0593269	0.0252623	0.0798685	0.0625463	0.0693631	0.0389929	0.0511026	0.0314575	0.109976	0.0622194	0.0447141	0.0454247	0.0830054	0.00740536	0.0359914
81	0.053142	0.00876256	0.0165905	0.0270496	0.122337	0.0491526	0.0173682	0.111049	0.0439683	0.0175274	0.0289935	0.0315799	0.00825244	0.0270906	0.0945405	0.0328027	0.0294769	0.043815	0.0606859	0.175816
82	0.0294086	0.0154859	0.0519199	0.040804	0.0374889	0.042601	0.0918392	0.0495922	0.0958708	0.0606607	0.0450271	0.0824181	0.0210054	0.033203	0.0726989	0.0307745	0.0376474	0.0770176	0.0120087	0.0725281
83	0.0295633	0.109404	0.0203304	0.0153185	0.0274578	0.0527904	0.023613	0.095396	0.0505686	0.0496084	0.024118	0.0447239	0.0105738	0.0289398	0.0545991	0.0261743	0.040727	0.271268	0.00511004	0.0197149
84	0.167494	0.0588198	0.0256107	0.0171107	0.0314996	0.0470622	0.0163104	0.176365	0.0286672	0.119119	0.0567161	0.0166514	0.00700245	0.00820126	0.0391132	0.0393446	0.0361757	0.0785071	0.00587852	0.0243509
85	0.108201	0.0708055	0.0241538	0.0331776	0.0437888	0.0390282	0.0254467	0.0627657	0.0388827	0.0632059	0.0373436	0.0298189	0.0235478	0.032011	0.0477054	0.103461	0.101773	0.0672195	0.0126895	0.0349742
86	0.0294035	0.00804795	0.0215016	0.0314597	0.093941	0.0402492	0.00741275	0.0869803	0.0404059	0.189011	0.138799	0.0308063	0.016305	0.0230329	0.0498031	0.0301194	0.027057	0.0769144	0.00442661	0.0543234
87	0.0101693	0.00488823	0.0189499	0.0220492	0.13853	0.043907	0.023001	0.067888	0.0744195	0.024986	0.183284	0.0320867	0.0104968	0.0159143	0.0365501	0.028977	0.0299049	0.218298	0.00283139	0.0128698
88	0.0175211	0.0101443	0.192992	0.00878894	0.0240959	0.0207937	0.0233995	0.107546	0.0330366	0.0762834	0.0305851	0.18035	0.0190733	0.0196699	0.0544217	0.0423891	0.0496005	0.0629297	0.00536121	0.0210195
89	0.0332161	0.0161896	0.0434611	0.0378829	0.0351931	0.06357	0.0293202	0.0803351	0.052012	0.084123	0.0468397	0.152083	0.026188	0.039676	0.0715832	0.0297894	0.0345591	0.0855268	0.00711809	0.0313334
90	0.0236485	0.0157895	0.263905	0.0881419	0.0142259	0.0280642	0.02201	0.019527	0.0434204	0.0335022	0.0238364	0.0993287	0.0310705	0.0485372	0.0538151	0.0737071	0.0632563	0.0244743	0.00235727	0.027382
91	0.073462	0.0242258	0.0473619	0.0244573	0.016785	0.0644475	0.0273971	0.11114	0.0766841	0.145629	0.0532011	0.0438607	0.0125382	0.0316178	0.0462622	0.0369068	0.0572351	0.04138	0.00646348	0.0589444
92	0.0988648	0.011929	0.0766986	0.0298765	0.0407976	0.0124068	0.059558	0.0300746	0.0334046	0.0357825	0.0162617	0.119402	0.115854	0.0647753	0.0395269	0.114993	0.0275307	0.0468593	0.00448806	0.0209162
93	0.0209583	0.0123808	0.0397386	0.0265992	0.0464516	0.131744	0.0789637	0.0611981	0.0461798	0.064011	0.0409606	0.0834483	0.023502	0.03156	0.0542391	0.0719245	0.0305795	0.088356	0.00932817	0.0378768
94	0.0310746	0.00563543	0.0154497	0.0111313	0.0360086	0.0325904	0.00509304	0.144903	0.0188117	0.337458	0.16551	0.0183889	0.0093161	0.0606735	0.0209558	0.012934	0.0131591	0.0491269	0.00260333	0.00917612
95	0.0475264	0.00443058	0.133648	0.116047	0.0234444	0.0284854	0.025316	0.0316985	0.0449056	0.0441413	0.0258054	0.0547394	0.202742	0.0470988	0.0566635	0.0406729	0.0251563	0.0236781	0.00209089	0.02171
96	0.0875767	0.00528804	0.0210286	0.0181146	0.0205934	0.0259902	0.00683435	0.0772127	0.119838	0.0257217	0.0158533	0.0285383	0.113947	0.0756858	0.13496	0.0150697	0.104173	0.0821387	0.00375738	0.0176795
97	0.160695	0.0159937	0.0321544	0.0372434	0.0394851	0.0320238	0.0242724	0.0350063	0.0462137	0.0489573	0.0249607	0.038279	0.0171321	0.0669888	0.0567043	0.199347	0.0434606	0.044741	0.00861586	0.0277257
98	0.0703374	0.0129771	0.0279483	0.028886	0.0125927	0.0175144	0.0348951	0.0206684	0.087903	0.106355	0.0514393	0.0415304	0.00538316	0.122749	0.0903499	0.0335604	0.155193	0.0502428	0.0137108	0.0157648
99	0.0257125	0.0111622	0.0208486	0.0159358	0.0249059	0.0237739	0.10229	0.0624459	0.0488388	0.0770579	0.022833	0.0205173	0.0185936	0.102181	0.0444395	0.0373649	0.190772	0.122296	0.00669109	0.0213399
100	0.0417938	0.011298	0.0388661	0.0436614	0.0397608	0.0322286	0.0339729	0.0837297	0.101682	0.07482	0.0337466	0.0450538	0.0186633	0.0348835	0.187877	0.0356598	0.0306183	0.0685607	0.0103678	0.0327553
101	0.057437	0.0125163	0.0354921	0.0316373	0.0286215	0.0605179	0.0174817	0.0348312	0.0299195	0.0577587	0.0167991	0.0315125	0.433212	0.0195805	0.0366254	0.0331978	0.0210613	0.0273552	0.00362385	0.0108191
102	0.0103115	0.0030028	0.0181859	0.012872	0.00985912	0.246622	0.00776847	0.299225	0.0164201	0.0902374	0.0161756	0.0357703	0.0206636	0.0172959	0.0243843	0.0088874	0.00420157	0.147446	0.00425742	0.00641365
103	0.0493678	0.0123194	0.0524118	0.0551641	0.0378451	0.0443875	0.0255939	0.0596878	0.129311	0.0735139	0.0352111	0.0546862	0.022602	0.0503845	0.0883379	0.046428	0.045802	0.0729231	0.00991388	0.0341092
104	0.193788	0.0241849	0.018069	0.0323054	0.0474526	0.032765	0.0190512	0.0443644	0.0277666	0.0560794	0.0219439	0.00918449	0.00628433	0.0177341	0.0472798	0.241416	0.042676	0.0736387	0.0107946	0.0332206
105	0.0266758	0.00990205	0.0211706	0.032677	0.0375857	0.0343412	0.0165467	0.193556	0.0331291	0.299935	0.030097	0.029777	0.0201627	0.0241972	0.0569206	0.020928	0.0132065	0.0669973	0.0110221	0.0211721
106	0.162001	0.0681922	0.0167445	0.0191344	0.0531983	0.0197036	0.011905	0.0449239	0.0312553	0.041193	0.0297432	0.0133889	0.00948045	0.00999262	0.0758547	0.258039	0.0391281	0.0482348	0.0144179	0.0334688
107	0.151124	0.00442312	0.0758459	0.104651	0.0229754	0.032544	0.0202234	0.037719	0.0775201	0.0455518	0.0185368	0.052022	0.0111175	0.0909344	0.0603005	0.107864	0.0359767	0.0297388	0.00405979	0.0168719
108	0.0525297	0.0167028	0.0396881	0.0438977	0.0417179	0.0434569	0.0296508	0.0810828	0.0418115	0.0975188	0.0392272	0.04898	0.030822	0.0343874	0.144984	0.0479673	0.042605	0.0726769	0.0121475	0.0381453
109	0.0435747	0.0161528	0.0353885	0.0379135	0.0311772	0.0499804	0.0209368	0.0655057	0.0438382	0.268149	0.043666	0.0416172	0.0441583	0.0289885	0.0633807	0.0418937	0.0356121	0.0556766	0.00796441	0.0244258
110	0.041047	0.0110141	0.0495036	0.0566631	0.0344819	0.0403755	0.0215168	0.0678601	0.136269	0.0599943	0.0306789	0.0489116	0.0168123	0.0709858	0.0984885	0.0397129	0.0429783	0.0871022	0.00911955	0.0364841
111	0.0542032	0.019197	0.0170121	0.0193497	0.0342739	0.28656	0.0146142	0.105663	0.0403375	0.0654711	0.0322555	0.035356	0.0315328	0.0279778	0.0403549	0.0493331	0.0224667	0.0765346	0.00756609	0.0199409
112	0.0494324	0.0160537	0.0515314	0.0526372	0.0371319	0.0506511	0.023788	0.0671931	0.118954	0.0769502	0.0444088	0.0552447	0.032387	0.0484128	0.0572035	0.0504389	0.04423	0.0827585	0.00855486	0.0320374
113	0.0866986	0.00926408	0.0801441	0.133902	0.0318169	0.0253039	0.0263435	0.0549069	0.0783381	0.0587137	0.0274729	0.0458891	0.0395043	0.0577771	0.0649384	0.0586822	0.0494587	0.0427218	0.00422602	0.0238976
114	0.0236927	0.0143819	0.0185866	0.0177694	0.0266071	0.315014	0.012722	0.133712	0.0307875	0.076362	0.0311831	0.0445908	0.0338422	0.0263895	0.0315876	0.0190091	0.0165424	0.102213	0.00636203	0.0186453
115	0.0414567	0.0141003	0.0404825	0.040016	0.037665	0.033458	0.0847094	0.0735455	0.0347954	0.0704942	0.0345075	0.0635259	0.0299651	0.0340175	0.165739	0.0388907	0.0380057	0.079211	0.0107046	0.0347103
116	0.00819625	0.004552	0.0145681	0.011208	0.0316021	0.0563899	0.0105267	0.200689	0.010515	0.373202	0.0191208	0.0195684	0.0129431	0.0102265	0.0303587	0.00763177	0.00410422	0.14151	0.0211105	0.0119764
117	0.0557463	0.017692	0.040238	0.0416656	0.0397299	0.0405128	0.0302939	0.0880445	0.0435255	0.0967618	0.0349475	0.0504851	0.0328707	0.034719	0.136767	0.0461015	0.0439814	0.0802954	0.0119235	0.0336983
118	0.0122441	0.00739792	0.0103483	0.0149022	0.0207751	0.349661	0.00969945	0.160364	0.0289307	0.0481268	0.0199169	0.0644316	0.00994608	0.0422326	0.0237949	0.0123664	0.0107405	0.134789	0.00416749	0.0151651
119	0.0413713	0.0139329	0.028451	0.048192	0.0353234	0.0356702	0.0787372	0.0509979	0.0432706	0.0605134	0.0449925	0.170349	0.0188878	0.086076	0.0649157	0.0294782	0.0302371	0.0782703	0.00621968	0.0341135
120	0.0443267	0.0135421	0.039443	0.0417252	0.0330418	0.0472814	0.0212341	0.0673611	0.0451468	0.266189	0.0418172	0.0398857	0.0409415	0.0309638	0.0624121	0.0394404	0.0353912	0.0552655	0.00908348	0.0255085
121	0.0569599	0.0207615	0.0424553	0.0526331	0.0468245	0.0472988	0.0263267	0.0467612	0.0613839	0.0500271	0.103024	0.0492465	0.0192403	0.0433603	0.0617637	0.12381	0.0472209	0.0609488	0.00944863	0.0305052
122	0.0209547	0.0122615	0.0959591	0.0292115	0.0305652	0.201136	0.0192166	0.0924737	0.0467077	0.087477	0.0381018	0.0647247	0.0322129	0.0269842	0.0427252	0.0236038	0.0262718	0.0758507	0.00469257	0.0288696
123	0.0505766	0.0157054	0.0518597	0.05635	0.0380028	0.0499862	0.0272042	0.068081	0.11804	0.0762083	0.0408123	0.0517511	0.031234	0.0472665	0.0583522	0.0505385	0.0453987	0.075294	0.0108733	0.0364653
124	0.0524983	0.0154016	0.0419769	0.0437425	0.0420351	0.0390355	0.0336518	0.0885748	0.0417447	0.100528	0.0378757	0.0472183	0.0336427	0.0343756	0.140844	0.0480143	0.0404019	0.0729607	0.00916851	0.0363093
125	0.0353047	0.0137844	0.153149	0.0514319	0.0310853	0.0452755	0.0287598	0.0299921	0.0646902	0.0420754	0.0270641	0.0866267	0.0338865	0.0409856	0.062485	0.052839	0.0416968	0.119786	0.0054014	0.0336804
126	0.0323798	0.0108358	0.174578	0.0371081	0.0263142	0.0439398	0.0278545	0.0481141	0.0615058	0.067074	0.0302291	0.117512	0.0353575	0.0380656	0.0617109	0.0457169	0.0513918	0.0521984	0.00490678	0.0332072
127	0.0521135	0.0137915	0.0320782	0.0451185	0.112966	0.0471423	0.0276446	0.0711188	0.0522219	0.0581286	0.0349306	0.0430654	0.0243668	0.0369584	0.0674029	0.0635481	0.0430005	0.076686	0.0180043	0.0797134
128	0.0321746	0.0123015	0.0441682	0.0489145	0.0476524	0.0301583	0.0274069	0.0545258	0.0506228	0.0681355	0.033554	0.0336807	0.0328338	0.0336798	0.0564662	0.22479	0.0652204	0.0598822	0.0100704	0.0337614
129	0.258191	0.0203389	0.0212093	0.0166824	0.0384316	0.14355	0.0153928	0.0403618	0.0642681	0.0508964	0.032126	0.0232278	0.00850491	0.0230816	0.0605534	0.0963724	0.0184887	0.0348262	0.0119375	0.0215589
130	0.054237	0.0177714	0.0419871	0.0415065	0.0437135	0.0447785	0.0296453	0.0836627	0.0421261	0.0917798	0.0407979	0.0508284	0.0342522	0.0354617	0.143049	0.0432055	0.0416916	0.072922	0.0102388	0.0363451
131	0.0382491	0.00962539	0.0620119	0.0647098	0.0384462	0.0246467	0.0264782	0.0361262	0.0549721	0.055108	0.0269926	0.0464498	0.0306195	0.0441204	0.0569149	0.140243	0.157332	0.0502197	0.00640373	0.0303313
132	0.0409129	0.0200394	0.0384007	0.0401051	0.0456921	0.0617378	0.0315893	0.0501807	0.0621556	0.0544955	0.0367937	0.0593686	0.0276211	0.0431552	0.0651235	0.0450698	0.0395037	0.194219	0.00827899	0.0355574
133	0.0500566	0.0151007	0.0367797	0.0452025	0.0450214	0.0724599	0.0246522	0.18379	0.0500021	0.0696047	0.0337725	0.0470348	0.0334262	0.0395063	0.0729772	0.0454056	0.031397	0.0557686	0.0127254	0.0353169
134	0.0856593	0.0142943	0.0315804	0.0422352	0.0471018	0.0240529	0.0156633	0.0238267	0.0356861	0.0390478	0.0187313	0.0211088	0.0210881	0.0261317	0.0429083	0.292103	0.137858	0.0403913	0.00791099	0.0326205
135	0.0483233	0.0110844	0.015691	0.0239121	0.0257256	0.0879194	0.0101174	0.0326455	0.0234465	0.0610586	0.0186034	0.0227172	0.520338	0.0121159	0.0290852	0.0146825	0.0109545	0.0204114	0.00162626	0.00954216
136	0.0438084	0.0121567	0.158261	0.0435955	0.0302946	0.0388277	0.0266528	0.0582834	0.0577425	0.0866449	0.0348485	0.063951	0.0463869	0.0413948	0.0612114	0.0501889	0.0476502	0.0594233	0.00737187	0.0313063
137	0.059465	0.0123731	0.0415538	0.0332834	0.0346015	0.0490825	0.0199369	0.0433107	0.0367197	0.0554821	0.0215026	0.0342353	0.32	0.0316128	0.0444826	0.0323605	0.0667991	0.0412468	0.00376253	0.0181887
138	0.0166753	0.0244346	0.00957915	0.0214422	0.0370919	0.0177978	0.0392113	0.0416835	0.0263873	0.0545456	0.131473	0.31351	0.0114986	0.0428358	0.0551013	0.0214692	0.0364807	0.0670513	0.00448493	0.027246
139	0.0246474	0.0100322	0.0215363	0.0314991	0.0199675	0.0430186	0.017725	0.274837	0.0300023	0.253413	0.0214895	0.0324435	0.0182317	0.0223643	0.0527167	0.0204899	0.0182396	0.0627933	0.00943159	0.0151216
140	0.0471268	0.00329939	0.191253	0.169507	0.015019	0.0205421	0.0328992	0.0198048	0.0347913	0.0192461	0.0601342	0.0578824	0.0355575	0.0646612	0.0915336	0.0608673	0.0148313	0.0182068	0.00155479	0.041282
141	0.0172976	0.0072113	0.0179284	0.0202508	0.035346	0.0367794	0.0136019	0.179659	0.0211813	0.367572	0.0242964	0.0239296	0.015847	0.0216217	0.0503595	0.0114234	0.00899706	0.0953463	0.0144667	0.0168853
142	0.0280952	0.00792299	0.190771	0.016594	0.0278768	0.0316544	0.0551975	0.0541819	0.0538336	0.0645047	0.0269339	0.128146	0.0323263	0.0347167	0.061535	0.0365277	0.0527042	0.049633	0.00631395	0.040531
143	0.0120314	0.00801298	0.00575799	0.114683	0.0293838	0.0137163	0.0161555	0.0438591	0.0185961	0.0370696	0.0251505	0.0165823	0.0102164	0.425384	0.0250903	0.0256371	0.0525197	0.0441851	0.00665547	0.0693135
144	0.0185273	0.00688889	0.0245828	0.0287027	0.0432438	0.0385564	0.0254614	0.0706597	0.0385622	0.310764	0.0341984	0.0385266	0.0180529	0.0238696	0.0579807	0.0252723	0.0160981	0.135277	0.0110475	0.0337272
145	0.0242772	0.0135856	0.0201384	0.0181204	0.0252519	0.30774	0.0139291	0.142	0.0312105	0.0754403	0.0305634	0.044857	0.030789	0.0278415	0.0306949	0.018937	0.017774	0.102202	0.00575816	0.0188903
146	0.0448937	0.0681367	0.0301552	0.0229006	0.0326026	0.0618551	0.0290518	0.0457078	0.0490044	0.0506886	0.033995	0.0624172	0.0195639	0.0341915	0.0621698	0.036612	0.0315159	0.253057	0.00748613	0.0239954
147	0.0434155	0.0107562	0.0399533	0.0373241	0.0301161	0.0602802	0.0202816	0.0482535	0.0347993	0.0679357	0.021684	0.0343734	0.354045	0.0261	0.0417033	0.0380847	0.0287436	0.0414011	0.00454183	0.0162069
148	0.0125158	0.00504271	0.01027	0.0512708	0.0763693	0.0154915	0.0160877	0.297678	0.0336676	0.0963267	0.018225	0.0188058	0.00397905	0.0297366	0.138937	0.00830682	0.00776262	0.0557907	0.0332178	0.0705185
149	0.0302543	0.00437862	0.0346877	0.0767211	0.0416329	0.0123257	0.0223151	0.036276	0.0491816	0.0587861	0.0286546	0.0226828	0.0178798	0.106702	0.0480952	0.196364	0.128494	0.0502325	0.00557898	0.0287564
150	0.0182938	0.00706321	0.0179942	0.0173093	0.0163873	0.24582	0.0108242	0.252179	0.0267602	0.0547605	0.0160052	0.040815	0.0208927	0.0276005	0.0379201	0.0153116	0.00832788	0.146507	0.00484571	0.0143818
151	0.336108	0.118087	0.0191233	0.0153962	0.0372329	0.0314663	0.0130224	0.0628502	0.0222469	0.0683114	0.0314548	0.0196566	0.0124555	0.0130727	0.0409316	0.0215093	0.0418708	0.0610872	0.00487753	0.0292389
152	0.0953955	0.00725062	0.0284288	0.0419222	0.02295	0.0554077	0.0299892	0.0241267	0.133832	0.0740674	0.0498153	0.0301188	0.0060399	0.0922508	0.104212	0.10957	0.0350611	0.0371382	0.00849602	0.0139284
153	0.0174758	0.0146988	0.0140292	0.0232474	0.029753	0.0209388	0.0169258	0.16124	0.0638038	0.0606198	0.0349988	0.101779	0.0157012	0.0190412	0.0417939	0.0169661	0.237265	0.078364	0.00539208	0.025966
154	0.00621002	0.0017672	0.0245956	0.012433	0.00548828	0.023889	0.00378849	0.013243	0.0219544	0.664635	0.0920216	0.0180799	0.0110355	0.00302059	0.0738681	0.00614159	0.00552962	0.00714503	0.00169678	0.00345718
155	0.0380976	0.0112544	0.0621129	0.0678367	0.0346177	0.0279115	0.031448	0.0421118	0.0574166	0.0575886	0.0296671	0.0566821	0.0266587	0.0435482	0.055983	0.0970237	0.169241	0.0557292	0.00550796	0.0295635
156	0.0211859	0.0119536	0.0189335	0.0204757	0.0780278	0.0352834	0.0111925	0.0688	0.0700661	0.0472927	0.0272351	0.0370608	0.0163777	0.0297155	0.050751	0.0277235	0.0663229	0.303734	0.00329004	0.0545784
157	0.0616278	0.0491337	0.0208437	0.0227323	0.0259117	0.0693744	0.0155068	0.0430123	0.0251658	0.0732208	0.0457394	0.029778	0.351461	0.0182733	0.0444885	0.0249761	0.0238691	0.0359386	0.00286724	0.0160798
158	0.0446639	0.0135404	0.0358737	0.133527	0.0424897	0.0299774	0.0326908	0.0739619	0.0641683	0.0836688	0.0384274	0.0416787	0.0366333	0.0493454	0.0632301	0.0537441	0.0550515	0.0610434	0.0101958	0.0360885
159	0.00958398	0.00404091	0.0189425	0.0178993	0.0230641	0.0238033	0.0136461	0.174423	0.028629	0.107593	0.100984	0.0418973	0.0112555	0.0168526	0.0724552	0.0109809	0.156483	0.140293	0.00529938	0.0218746
160	0.0384008	0.0213881	0.0367959	0.0358156	0.0474713	0.0610692	0.0317046	0.0489762	0.0547351	0.0575779	0.0364539	0.0612344	0.0244237	0.0436965	0.0636212	0.0504752	0.0423464	0.199935	0.00955024	0.0343288
161	0.0603395	0.0100669	0.0772316	0.0562837	0.0289973	0.0266919	0.0334214	0.0318533	0.0700774	0.0483232	0.0226414	0.12751	0.0263202	0.0539008	0.0547051	0.0767167	0.118415	0.0440117	0.00644977	0.0260433
162	0.0192804	0.00305728	0.104158	0.0345513	0.0347516	0.0281779	0.0237318	0.0371469	0.0935433	0.0302429	0.0084272	0.0762841	0.227284	0.0317883	0.0657839	0.0834864	0.0306953	0.0432464	0.0035224	0.0208403
163	0.0289844	0.0240332	0.0113571	0.113783	0.0667407	0.0148764	0.0459782	0.0704226	0.0579098	0.10091	0.0276604	0.0184055	0.00559956	0.034267	0.080555	0.03457	0.0600634	0.0831587	0.0255126	0.095212
164	0.0378587	0.0170271	0.0468845	0.0395427	0.0369561	0.0692152	0.026745	0.075452	0.0490677	0.0861368	0.0473827	0.146556	0.0321049	0.0403079	0.0664658	0.0303505	0.0357252	0.0807399	0.00654016	0.0289415
165	0.0141901	0.00589377	0.014808	0.0404755	0.100349	0.0226862	0.029891	0.289867	0.0403833	0.0331924	0.0259308	0.028365	0.00588902	0.0362152	0.134038	0.0140039	0.00738652	0.0386488	0.0318508	0.0859355
166	0.0764286	0.00358596	0.165028	0.153001	0.01687	0.0262526	0.049672	0.0249951	0.0536389	0.0247449	0.0473024	0.0590737	0.0299358	0.0734984	0.0824441	0.0414207	0.0154941	0.0165644	0.00110041	0.0389489
167	0.0119993	0.0132428	0.00984353	0.091571	0.0505065	0.0136351	0.0724243	0.0776104	0.100383	0.100342	0.0390032	0.020781	0.00603802	0.0251215	0.0900963	0.0172953	0.0290466	0.0773153	0.0446428	0.109102
168	0.00873455	0.00567971	0.0254738	0.0141942	0.00747296	0.0306018	0.005062	0.0184363	0.0276431	0.580598	0.128009	0.0239481	0.0209619	0.00447128	0.0650302	0.00795429	0.00768018	0.0104122	0.00182731	0.00580917
169	0.077458	0.00912508	0.0402598	0.0518361	0.0316252	0.0334128	0.0261289	0.0285236	0.104012	0.0602158	0.0427741	0.0613321	0.00426696	0.121039	0.0778058	0.0527223	0.0743539	0.0465546	0.015382	0.0411718
170	0.102327	0.0056448	0.0342344	0.110887	0.0530251	0.031654	0.0165534	0.0620182	0.140586	0.0465597	0.0222514	0.0443974	0.00716647	0.107343	0.0862288	0.0462293	0.0295605	0.0316893	0.00526861	0.0163761
171	0.136289	0.0392965	0.0250829	0.0258773	0.00922407	0.0328956	0.0104915	0.0235222	0.0237219	0.249148	0.0504718	0.0331198	0.0133887	0.0110709	0.0921679	0.0248103	0.0225632	0.0163328	0.00518298	0.155343
172	0.0168001	0.0104874	0.0193394	0.0184017	0.0401959	0.0415018	0.0160748	0.146759	0.0284988	0.308618	0.0367826	0.0273158	0.0139412	0.0208639	0.0428515	0.0163313	0.0168172	0.138764	0.0147716	0.0248843
173	0.0560785	0.00369886	0.166881	0.166382	0.0160339	0.0200793	0.0354765	0.0211689	0.0353183	0.0190357	0.0728905	0.0582017	0.0226919	0.0733463	0.0956054	0.0467336	0.0197194	0.0207935	0.00169934	0.0481658
174	0.0299214	0.00711574	0.00599713	0.0167939	0.0287774	0.0145282	0.0155875	0.0562711	0.0382638	0.0604967	0.0344807	0.304914	0.0112644	0.0153118	0.216046	0.0166495	0.0105698	0.0595333	0.00640148	0.0510765
175	0.0246249	0.0120296	0.0199067	0.0178164	0.0285753	0.305834	0.0141204	0.132162	0.0352644	0.0779525	0.0296062	0.0465535	0.0310147	0.0258371	0.032322	0.0208841	0.0174119	0.101142	0.00601059	0.0209315
176	0.0493019	0.00641687	0.134667	0.0287758	0.0375351	0.0277887	0.0405235	0.0304553	0.0482446	0.047969	0.013379	0.109448	0.205557	0.021964	0.0753726	0.0235231	0.0509426	0.0266535	0.00252108	0.0189609
177	0.00392214	0.00294636	0.139707	0.035304	0.0126389	0.032472	0.0309943	0.0133562	0.00854302	0.125319	0.026539	0.222547	0.00603408	0.00923312	0.0198086	0.0866748	0.159342	0.0182925	0.00289444	0.0434327
178	0.070477	0.00651774	0.0327572	0.0584141	0.0235307	0.0300176	0.0139232	0.105721	0.0479122	0.0372312	0.0236782	0.0204036	0.107718	0.0875564	0.0402059	0.0219876	0.106909	0.145874	0.00295947	0.0162059
179	0.0133862	0.0134308	0.0115252	0.0918681	0.0438569	0.0189464	0.0917573	0.0535296	0.10133	0.104915	0.0347465	0.0163178	0.0114911	0.0220403	0.0618529	0.0205568	0.0316174	0.0627403	0.0474497	0.146641
180	0.0416646	0.0135088	0.0323111	0.0290653	0.0310945	0.102617	0.0177893	0.0436867	0.0316799	0.0618738	0.0238256	0.0337838	0.349884	0.0198036	0.0355835	0.0246719	0.0490268	0.0381844	0.00351773	0.016428
181	0.0260494	0.0111954	0.019877	0.0191721	0.0288059	0.301756	0.0136024	0.131924	0.0328721	0.0797119	0.0305154	0.0430911	0.0309492	0.029134	0.0344544	0.0212502	0.0168592	0.101016	0.00716092	0.0206042
182	0.256126	0.0288118	0.034154	0.0359315	0.0442266	0.0373044	0.0199506	0.0676445	0.0473879	0.0802005	0.0350575	0.0360032	0.0194708	0.0324071	0.0645402	0.0354738	0.0310678	0.0510371	0.00945795	0.0337463
183	0.0138702	0.0148564	0.0230576	0.0190593	0.0410351	0.0453363	0.017078	0.0608142	0.132827	0.0539171	0.0295372	0.0730227	0.00936311	0.0402071	0.0702459	0.0135043	0.043947	0.253555	0.00377215	0.0409949
184	0.0510867	0.0109519	0.0391362	0.0491284	0.0762136	0.0401764	0.0307278	0.0563011	0.0531749	0.0409964	0.0286263	0.0352719	0.0173234	0.0343821	0.101225	0.099708	0.0461305	0.0576332	0.0186112	0.113195
185	0.0143923	0.00379434	0.0148816	0.0174272	0.0174658	0.261431	0.0110937	0.230081	0.0270456	0.0555606	0.017628	0.043027	0.0177661	0.0295155	0.0390847	0.0159578	0.00841884	0.152352	0.00600533	0.0170716
186	0.0180234	0.00868394	0.0140307	0.070239	0.0697209	0.0265569	0.0145737	0.39622	0.03732	0.0392617	0.0165084	0.0257481	0.0103108	0.0257539	0.0838587	0.0135461	0.00789547	0.053352	0.0211881	0.0472086
187	0.0356378	0.00787528	0.0456734	0.038568	0.0350062	0.0300808	0.0260645	0.0702807	0.0588407	0.0536118	0.034473	0.142475	0.0106068	0.0683685	0.183291	0.025555	0.0271814	0.0666609	0.00669608	0.0330529
188	0.0370031	0.0029579	0.335022	0.0646534	0.0157203	0.00931721	0.0331169	0.0164432	0.0259026	0.0488338	0.0114408	0.0329213	0.148431	0.0303191	0.0460946	0.0778865	0.0237716	0.0276267	0.00266163	0.00987652
189	0.00738929	0.00490631	0.229572	0.0168009	0.0131832	0.019252	0.0304468	0.0190424	0.0170952	0.0756065	0.018513	0.206769	0.0106667	0.022243	0.0256309	0.0793716	0.155789	0.0196562	0.0029944	0.0250723
190	0.0128852	0.0121149	0.10485	0.0228931	0.0253964	0.219165	0.0175196	0.0904606	0.0469232	0.0669049	0.0390373	0.107962	0.0214656	0.0225398	0.0390584	0.0170616	0.0177654	0.082066	0.00443913	0.0294925
191	0.0423473	0.00133605	0.0901648	0.116188	0.0331173	0.00352381	0.019104	0.00892631	0.0525393	0.0296169	0.00778227	0.0567821	0.0239953	0.0693792	0.0634953	0.136009	0.211513	0.02467	0.00161904	0.0078907
192	0.0289548	0.00758894	0.0278608	0.0429829	0.0416186	0.0321634	0.0180034	0.198676	0.053463	0.0880935	0.0306682	0.0369621	0.0143267	0.0717351	0.134729	0.0195841	0.0227323	0.0772067	0.011829	0.0408212
193	0.0311523	0.0111637	0.0214577	0.0592526	0.113629	0.0306127	0.0264206	0.123832	0.0486357	0.0534506	0.0172806	0.0291185	0.0164621	0.0280073	0.0693913	0.0380425	0.0576959	0.0951466	0.0224016	0.106846
194	0.110412	0.0141324	0.123325	0.0195119	0.0319031	0.0237454	0.0327482	0.0566888	0.0493462	0.071047	0.0303169	0.0870156	0.0399351	0.0430931	0.050731	0.0918849	0.0385143	0.0502487	0.00710678	0.0282931
195	0.0438544	0.0120483	0.035959	0.0364686	0.0334636	0.0508045	0.0218546	0.0693243	0.0450045	0.268785	0.0446434	0.0442125	0.0406516	0.0301252	0.0626339	0.0375151	0.0345271	0.05569	0.00783231	0.024602
196	0.0765976	0.0073249	0.0553706	0.0678138	0.034177	0.0173786	0.0401056	0.032545	0.0657663	0.05335	0.0258142	0.0462524	0.0168906	0.0863934	0.0926349	0.106773	0.090651	0.0546686	0.00636164	0.0231308
197	0.0266954	0.0150433	0.0322189	0.0346182	0.0424518	0.0506813	0.0251265	0.0697157	0.11442	0.0458603	0.0336357	0.0528349	0.0198735	0.0444649	0.0724074	0.0342263	0.037945	0.204608	0.00665756	0.0365155
198	0.0605346	0.0196831	0.0127828	0.119186	0.0468324	0.0200169	0.0328675	0.190762	0.0391707	0.0943106	0.0387047	0.0250934	0.0233261	0.0231938	0.0563579	0.0394391	0.0401924	0.0699843	0.0109839	0.0365783
